16 11 10 11 13 09 07 11 07 06 07 03 03 03 03 03 02 04 06 02 02 04 00 02 04 04 03 02 01 03 02 01 01 03 04 03 01 05 05 06 04 03 02 03 01 03 02 02 02 02 04 01 04 03 04 01 02 01 01 01 03 05 02 02 03 01 01 03 02 00 04 01 04 02 02 02 01 03 01 03 05 03 04 01 02 03 02 01 04 03 01 03 04 02 04 00 03 05 01 02 
09 05 04 02 05 06 10 03 04 05 04 05 06 02 03 05 02 01 02 03 06 01 04 04 04 04 02 05 02 06 04 03 02 04 02 02 05 01 04 02 05 05 03 04 04 02 04 04 01 03 02 04 00 04 05 01 02 02 05 05 03 00 00 02 03 02 02 04 05 02 04 03 03 03 03 08 03 01 05 02 04 04 04 05 06 01 02 03 03 03 05 03 02 06 04 02 02 04 01 02 
16 22 27 20 08 08 02 04 03 06 03 04 03 02 02 05 03 05 04 02 07 01 04 03 03 04 03 02 05 01 04 04 05 01 01 03 05 01 07 03 02 02 02 02 04 01 03 03 02 03 02 01 03 03 02 04 04 01 03 03 02 03 04 02 03 00 03 05 03 01 07 04 01 02 01 03 04 02 02 00 04 04 05 04 03 03 03 03 05 02 04 08 03 02 01 06 01 03 02 05 
15 19 11 17 09 14 16 16 10 11 11 08 07 05 01 04 01 02 03 03 06 03 03 02 04 02 01 01 03 02 04 02 03 02 04 01 01 04 02 04 05 02 01 02 02 03 02 01 01 03 01 01 04 05 04 06 06 03 05 01 01 04 01 02 01 02 03 06 04 03 07 02 05 02 02 02 02 04 00 04 02 03 04 03 02 03 04 04 02 04 03 01 00 07 06 02 01 02 03 02 
13 08 19 12 16 11 17 08 09 10 12 10 06 04 01 05 03 02 01 01 02 05 03 03 01 03 01 04 03 03 05 04 02 02 04 06 03 00 03 04 01 06 04 03 03 02 03 05 05 04 04 03 03 03 03 02 06 03 02 05 01 06 04 02 05 03 03 03 03 03 03 02 02 06 02 06 04 01 04 06 04 02 03 03 01 03 01 03 04 03 02 04 02 02 03 03 03 03 04 04 
17 17 19 19 07 06 06 03 05 00 01 01 09 05 04 02 02 04 03 03 05 01 02 03 04 04 01 02 02 01 02 00 02 04 02 04 03 01 02 01 03 03 02 04 03 03 04 04 04 03 04 02 02 03 05 03 03 01 01 06 03 01 01 05 05 01 02 03 02 04 02 03 05 02 01 02 02 03 01 04 03 03 04 04 03 02 02 03 03 02 00 03 03 03 03 03 03 02 03 00 
10 01 10 05 07 09 05 02 02 02 01 02 09 13 08 03 02 04 04 01 03 01 02 01 01 05 03 03 01 01 05 00 01 02 01 01 04 02 04 04 01 03 00 02 02 04 04 01 01 02 03 02 02 01 03 04 03 05 04 01 01 04 04 03 01 04 01 01 05 02 02 05 06 03 04 02 00 02 03 01 00 05 05 01 05 04 02 01 01 02 02 03 03 01 07 03 03 02 02 01 
09 11 00 09 07 04 07 02 03 02 05 04 02 01 04 01 02 04 04 02 02 03 02 05 02 02 01 02 05 04 07 02 03 03 08 03 03 02 06 02 04 03 03 03 01 05 01 02 01 04 04 01 03 03 01 04 04 03 05 01 05 06 05 04 04 02 02 04 02 03 03 05 04 03 06 04 04 02 01 05 02 03 05 05 03 03 01 05 04 04 02 01 02 04 04 02 04 00 01 03 
20 16 16 13 11 14 08 10 09 05 07 08 05 05 01 02 01 02 03 05 03 04 03 02 03 04 04 03 02 03 02 06 03 01 03 03 02 04 01 01 04 05 05 04 02 05 00 03 01 03 02 00 01 06 01 02 03 00 02 02 03 03 06 02 05 04 02 03 02 03 02 03 04 03 04 04 00 02 03 03 04 01 05 07 04 04 02 04 03 06 02 01 02 03 01 03 01 04 03 01 
12 19 13 18 14 13 07 09 04 07 07 02 03 02 05 04 05 01 03 02 03 01 04 00 01 02 04 05 04 02 04 04 05 03 03 04 04 02 01 02 04 02 01 01 03 02 03 06 04 02 03 03 05 03 03 05 05 05 02 03 05 04 00 03 03 04 04 01 03 03 02 00 04 05 04 04 01 02 04 02 03 05 02 03 02 05 02 01 01 01 04 00 02 04 02 04 02 03 01 03 
13 17 16 15 11 08 17 10 12 08 04 02 03 04 01 07 02 03 03 00 02 04 02 02 04 01 03 01 05 06 03 03 04 05 03 04 03 02 02 04 03 03 04 01 05 01 04 01 03 03 06 02 03 03 04 04 04 04 05 04 02 02 01 05 01 05 02 03 03 04 04 01 03 03 03 03 02 04 03 02 05 04 04 02 01 04 03 02 05 01 03 07 04 00 04 06 02 05 03 02 
15 15 13 18 14 12 11 13 08 13 14 10 07 09 17 17 12 03 05 13 09 01 03 04 03 00 06 01 01 02 03 00 01 00 02 06 04 01 03 03 03 01 03 03 03 02 02 03 05 02 01 01 02 03 03 02 02 01 02 02 02 03 03 01 03 02 04 01 03 01 04 05 02 03 03 05 03 04 01 04 03 03 02 01 01 01 01 02 02 01 00 01 01 04 06 02 03 02 02 02 
11 12 11 07 10 09 03 04 02 01 03 03 00 03 01 01 02 00 02 02 04 02 04 06 03 03 01 01 00 04 01 04 01 03 03 03 01 03 04 01 03 06 03 03 06 02 03 03 05 01 02 02 02 06 04 05 03 03 04 02 03 00 03 02 01 00 02 04 02 04 05 02 05 03 03 00 00 04 02 03 02 03 05 05 04 01 02 01 03 05 02 03 06 04 03 01 02 01 05 01 
20 20 18 09 23 14 12 08 07 03 04 04 05 06 06 02 02 03 05 05 02 01 04 01 04 01 01 01 05 05 01 01 01 02 00 03 01 02 06 03 02 00 04 02 00 04 04 01 02 03 04 04 01 04 02 03 03 01 03 02 01 03 07 07 02 01 02 01 05 04 02 03 03 03 02 06 03 01 04 04 04 04 02 03 02 04 03 04 05 03 04 04 04 01 03 04 02 02 03 02 
14 12 07 20 05 18 15 04 07 03 05 06 01 05 03 07 06 05 01 03 04 03 03 06 03 04 05 04 07 03 02 02 01 02 00 04 04 06 04 01 02 02 01 02 04 02 02 02 05 01 03 02 04 03 03 02 05 03 04 01 02 02 04 04 02 02 03 04 05 01 04 01 04 05 02 03 03 01 00 03 04 07 04 03 02 02 05 03 01 02 02 03 03 03 03 04 03 02 03 04 
08 11 10 05 11 09 04 07 09 04 02 02 01 01 06 03 02 03 02 03 05 03 03 01 03 07 02 03 04 03 02 03 02 02 04 03 04 03 03 02 04 05 03 00 05 05 04 03 05 03 02 03 03 04 05 02 01 04 02 04 04 02 00 02 02 03 04 01 02 01 02 01 02 02 06 02 01 03 08 01 04 02 05 02 05 00 01 00 03 01 02 04 03 02 06 01 02 02 03 03 
16 18 12 11 16 09 09 11 04 12 07 14 10 07 03 03 03 06 06 04 04 02 03 02 05 03 04 03 01 03 04 01 02 06 04 03 04 03 02 03 03 01 02 01 02 02 03 02 02 04 03 06 04 03 02 03 01 03 03 02 05 01 00 03 01 01 02 04 05 02 02 03 01 02 03 05 01 04 04 03 07 02 02 04 01 01 03 03 02 01 02 03 00 03 03 04 02 03 02 04 
13 15 11 12 10 02 05 08 03 11 02 10 01 02 05 02 05 01 01 04 02 04 03 01 01 04 02 01 04 04 02 02 02 02 03 02 03 05 03 01 01 02 06 04 06 04 02 03 01 02 07 03 03 04 02 02 02 05 02 01 05 02 02 07 00 02 05 05 03 03 03 04 01 04 04 02 02 02 03 04 02 07 03 02 01 04 04 01 03 04 01 05 02 02 01 04 02 01 01 02 
17 12 09 07 08 05 04 03 05 04 06 03 01 05 04 03 05 04 02 03 01 02 03 03 01 00 05 01 02 04 02 05 01 03 04 01 06 07 01 03 05 04 01 03 01 02 01 03 01 02 02 05 00 04 06 03 02 02 03 03 02 02 01 02 01 06 02 02 02 03 06 04 03 01 05 02 03 02 02 01 04 02 02 02 00 06 04 05 00 04 03 03 01 03 02 02 03 02 02 03 
11 05 04 01 02 07 04 04 06 01 05 02 01 04 01 02 03 05 03 02 03 00 04 03 02 02 03 01 04 05 01 02 03 01 06 06 00 03 03 04 03 05 06 05 02 02 03 03 01 02 02 02 01 01 03 05 00 01 04 02 03 01 05 02 04 01 04 02 01 02 04 02 03 01 04 04 04 03 03 06 01 04 03 02 00 05 01 03 02 02 02 04 02 03 02 01 02 02 03 01 
11 14 13 15 18 13 17 08 03 11 06 04 08 07 06 03 01 01 02 01 07 02 09 03 01 03 05 02 06 01 11 03 03 05 03 04 02 02 04 03 02 02 01 04 03 05 01 03 05 03 02 01 04 05 01 02 00 00 02 03 04 06 04 04 02 03 03 04 03 02 08 03 03 02 00 03 04 07 01 00 01 02 03 05 02 05 02 01 03 03 02 02 03 02 04 04 02 00 04 03 
18 18 17 12 15 11 14 06 20 21 12 14 10 11 06 08 05 05 02 00 01 03 04 05 01 05 03 03 03 04 03 02 03 02 02 03 03 03 03 03 03 05 04 01 03 03 04 02 03 00 01 03 03 01 03 04 04 02 02 03 00 02 01 03 03 04 03 02 03 02 02 03 00 02 01 03 02 05 04 03 05 02 04 02 01 01 04 02 03 07 04 01 03 06 02 03 01 03 03 05 
15 21 12 10 11 18 09 02 06 02 05 07 01 07 03 04 02 02 02 03 00 04 01 02 02 02 05 06 03 02 02 03 03 03 00 03 04 02 03 01 00 03 02 05 02 02 02 02 01 01 01 03 05 03 00 01 04 02 02 02 02 01 04 04 03 03 04 04 04 01 03 03 05 01 02 05 04 05 04 02 04 03 02 01 01 00 04 02 04 01 03 05 03 01 02 04 03 02 02 04 
15 16 18 11 09 04 10 05 02 06 07 03 04 02 02 01 04 02 04 01 06 03 06 02 04 05 03 02 03 02 01 02 02 03 02 02 01 03 01 04 04 02 03 02 05 04 01 05 03 01 02 02 04 02 01 04 02 03 03 03 03 05 02 01 04 04 01 05 02 03 03 02 00 00 04 05 02 03 03 01 06 01 01 00 04 06 04 02 02 04 02 04 01 04 04 02 04 03 02 03 
09 19 16 13 11 12 03 07 06 07 03 05 02 04 04 03 04 01 05 03 06 00 04 03 03 04 03 04 03 04 04 02 05 04 04 02 05 03 03 05 03 03 03 04 01 00 02 04 02 03 03 05 01 02 03 05 06 02 03 02 00 01 02 04 03 02 03 05 01 04 03 03 03 03 01 01 05 04 06 02 02 04 02 02 04 03 01 03 02 02 00 04 02 04 03 05 03 02 02 04 
12 12 07 12 09 13 14 07 08 06 04 02 05 06 02 03 03 04 02 03 02 06 03 03 03 02 04 04 04 04 00 06 02 01 00 03 05 03 03 03 02 04 04 02 03 06 03 03 03 01 02 07 03 07 04 00 01 05 03 03 03 05 02 02 04 04 04 01 03 02 04 01 04 03 02 01 01 03 03 05 01 03 04 03 02 02 05 03 01 03 04 01 04 07 03 05 00 02 01 02 
11 04 07 05 12 07 14 11 11 06 03 05 05 04 04 02 06 02 00 02 04 02 01 05 06 02 02 03 05 02 03 04 01 02 02 04 03 02 03 01 02 04 04 02 03 04 03 01 04 04 01 03 06 02 04 02 03 03 05 02 03 02 01 03 02 04 02 00 06 02 03 03 03 04 01 04 02 06 07 01 02 04 03 04 01 02 03 02 05 05 02 01 03 03 01 02 02 05 04 01 
11 16 12 10 12 10 13 13 10 06 05 08 04 03 04 03 02 04 01 05 03 03 01 05 02 02 02 02 04 03 05 04 00 04 04 03 03 01 01 01 02 03 04 05 03 02 05 01 05 01 02 02 00 03 03 07 03 03 03 04 03 02 04 03 06 02 03 03 02 02 02 03 02 01 03 02 04 08 03 02 03 01 00 02 03 04 01 02 01 03 03 03 01 02 02 03 02 03 04 02 
11 16 13 19 15 02 05 04 03 04 04 03 01 02 04 04 03 06 01 03 02 03 04 04 02 01 06 01 03 02 02 01 02 02 03 04 02 05 04 04 02 03 03 02 02 01 05 02 02 04 02 01 01 02 03 03 02 00 01 04 05 01 03 03 02 04 03 01 02 02 03 03 06 00 03 02 02 03 02 04 04 02 02 03 03 04 04 07 03 06 03 01 01 01 01 05 03 02 04 01 
15 09 04 02 03 01 01 04 05 02 02 03 04 01 01 01 03 05 05 04 01 04 03 02 02 03 04 06 02 05 04 05 05 02 04 02 03 05 02 05 03 04 04 04 03 01 01 03 02 01 03 04 04 01 03 01 05 03 04 06 03 04 01 02 00 06 01 02 03 02 03 03 05 07 05 02 03 02 01 00 04 03 00 04 02 03 04 01 01 06 03 03 03 04 04 03 03 04 06 03 
13 14 15 06 07 08 02 07 02 04 02 05 05 04 04 02 03 02 03 00 03 01 03 04 04 03 04 04 01 02 05 03 01 04 01 06 04 04 04 04 03 03 04 07 02 07 02 00 01 04 01 03 04 02 02 04 02 05 02 02 02 04 04 04 05 02 02 01 06 04 07 02 05 03 02 01 03 03 00 04 01 02 04 02 04 04 01 04 03 04 05 05 03 04 01 02 04 02 03 04 
17 18 17 09 13 09 10 07 05 08 12 08 07 05 04 03 03 01 01 02 03 02 04 03 03 03 01 05 02 02 04 02 03 01 03 02 03 02 04 07 01 00 03 06 04 03 03 02 02 02 05 03 01 04 01 04 05 05 05 04 01 01 01 03 02 02 04 03 03 03 03 03 01 04 03 06 00 02 01 01 04 05 04 04 02 04 04 03 03 05 04 05 02 01 05 00 05 01 02 08 
12 13 14 15 10 11 08 09 13 09 08 03 06 04 03 03 02 01 03 01 04 04 03 02 04 04 01 03 02 02 02 01 03 04 01 02 03 03 02 02 00 03 06 03 04 04 03 00 02 02 03 03 01 03 02 03 03 01 04 01 06 04 01 04 03 04 02 01 02 02 02 01 03 03 03 02 03 00 02 05 03 01 01 05 01 00 04 02 01 03 02 01 02 03 01 05 03 01 04 02 
08 16 18 11 10 20 13 17 14 09 10 04 05 04 02 10 03 03 07 02 08 02 02 02 03 02 01 02 03 01 02 05 03 02 04 04 06 02 02 06 03 01 02 02 04 02 01 02 06 05 04 01 01 04 04 01 02 03 02 04 03 01 02 04 04 03 04 00 02 05 04 02 03 05 04 03 02 05 04 04 04 04 04 02 03 02 03 02 06 05 04 03 03 05 02 02 03 03 03 03 
11 19 05 09 08 09 06 06 07 07 04 02 02 02 03 02 02 04 04 05 03 02 02 05 03 06 04 03 02 04 01 01 04 02 03 03 01 03 02 02 06 04 02 01 02 05 03 00 02 02 03 03 04 04 04 02 04 03 01 02 04 03 05 01 04 02 03 03 02 03 03 01 03 02 02 00 01 05 03 04 07 05 01 05 03 02 04 02 02 02 02 05 04 04 02 06 02 03 05 06 
12 21 04 11 12 10 13 08 11 09 10 05 10 04 04 01 05 05 02 02 01 04 05 02 04 02 01 03 05 05 02 01 04 04 02 03 09 03 02 03 01 01 06 04 04 04 02 02 02 03 01 03 04 01 03 05 01 02 06 02 05 02 04 01 03 01 06 02 01 05 01 03 03 01 06 01 07 02 04 04 04 04 03 03 03 03 03 02 04 06 04 03 04 06 02 02 01 04 03 01 
16 03 06 01 04 04 03 03 03 02 05 03 05 04 03 04 00 02 04 04 02 02 02 07 03 04 03 05 04 01 02 02 00 03 02 04 04 04 07 03 03 05 04 04 00 03 04 01 01 02 06 01 01 04 01 02 03 03 06 05 05 04 02 01 02 05 06 05 03 04 02 01 02 01 03 02 03 03 03 02 04 04 00 01 05 02 01 05 04 03 02 06 04 01 03 03 04 04 03 02 
18 14 20 16 14 11 08 13 00 15 07 06 05 08 03 02 03 04 04 03 04 02 03 01 04 05 05 01 01 04 04 03 02 03 06 04 03 05 00 02 02 01 05 07 04 02 06 04 03 02 05 06 07 03 03 06 01 01 01 01 02 03 02 04 04 05 04 02 02 02 02 02 02 03 04 07 03 03 03 04 02 03 02 02 03 00 02 01 03 05 03 03 04 04 03 03 02 02 04 03 
12 17 14 21 11 11 09 03 08 03 04 02 07 04 04 05 02 05 02 00 04 03 04 02 02 03 03 03 04 04 04 00 03 03 03 04 03 04 02 03 07 03 04 03 01 02 02 01 06 01 04 04 04 03 05 02 01 04 04 02 02 03 01 01 05 01 03 03 02 04 00 03 04 03 01 01 02 07 03 04 03 03 02 04 03 04 02 02 03 02 04 05 01 04 04 04 05 01 04 05 
15 14 17 17 19 06 00 06 00 05 03 05 02 03 03 04 02 04 04 01 02 04 02 02 03 03 03 02 04 03 03 03 01 02 06 03 07 06 00 02 02 04 00 02 06 03 04 08 00 02 01 02 04 01 02 04 02 01 06 03 03 01 02 01 00 02 03 01 03 04 01 05 05 03 01 03 02 01 04 03 06 00 02 03 03 03 01 02 06 01 02 02 03 04 02 03 03 03 03 01 
11 05 12 10 08 07 07 05 03 03 02 05 03 02 03 04 02 00 05 02 02 05 02 05 03 03 04 01 00 05 02 03 02 02 03 06 04 04 01 04 02 02 06 01 01 01 03 03 04 02 04 06 03 04 02 03 02 02 08 01 04 06 03 03 02 01 04 00 02 04 02 03 08 04 04 06 05 01 04 02 04 03 03 02 04 04 03 02 01 03 05 04 04 02 01 03 01 03 05 03 
10 12 06 06 07 06 05 09 07 05 03 04 02 05 04 05 04 04 01 05 04 01 06 07 00 02 04 00 03 02 04 02 01 04 03 03 06 02 02 03 01 00 03 04 02 03 02 00 04 02 01 01 04 04 02 03 01 01 01 05 02 01 03 01 01 03 02 01 04 04 03 04 04 03 03 03 02 06 04 03 05 03 05 05 02 02 03 04 06 02 03 02 03 02 02 04 02 06 03 03 
09 13 04 01 03 05 03 05 08 07 07 04 02 04 04 04 02 04 04 05 02 01 03 04 04 02 01 02 04 04 03 02 01 01 03 04 02 03 06 03 02 03 02 03 02 03 03 06 02 03 03 02 01 01 03 03 02 04 04 05 01 03 03 03 04 03 02 02 01 05 05 04 02 03 05 04 04 04 02 01 05 04 02 02 02 04 03 01 03 04 06 02 01 02 05 05 02 03 01 02 
22 18 15 18 17 10 04 08 13 15 11 12 11 18 16 09 07 12 09 06 04 03 03 04 02 03 03 01 03 00 05 09 04 06 03 03 03 04 01 01 04 01 02 04 02 02 02 01 02 02 02 03 02 02 01 02 04 04 04 02 03 07 06 03 02 02 02 02 00 03 03 01 05 03 03 04 01 04 05 02 03 03 03 02 00 04 04 04 04 03 03 02 00 03 06 02 02 03 05 02 
10 02 13 07 07 07 04 03 07 08 04 02 02 04 02 00 03 05 05 02 03 02 02 01 04 04 04 01 04 03 01 01 03 04 05 03 01 01 01 03 04 03 03 06 03 08 00 03 05 05 05 02 03 01 02 01 02 04 04 04 03 03 01 02 03 03 03 02 01 02 03 03 01 02 04 05 00 03 04 03 03 03 04 02 05 05 00 04 04 02 01 06 01 06 03 01 03 01 04 01 
12 10 10 13 04 04 06 11 03 02 06 05 05 03 01 01 03 04 03 05 03 03 04 02 03 03 03 01 02 01 02 03 04 01 05 02 03 02 02 01 02 03 05 03 05 01 00 02 01 05 03 02 01 04 05 01 02 01 05 05 03 02 02 04 01 05 02 02 02 01 04 02 01 03 03 05 02 02 03 03 03 03 00 05 04 04 03 03 02 03 04 01 03 02 02 05 03 04 03 00 
16 10 07 11 04 04 05 06 01 02 03 05 04 04 01 02 03 02 02 04 04 02 01 03 01 05 02 04 01 02 01 03 06 01 06 01 03 02 04 02 05 02 04 04 02 00 06 04 02 00 01 03 02 04 06 02 04 02 01 04 04 04 03 02 01 03 03 02 02 03 03 02 04 02 00 05 02 01 04 07 04 01 03 04 02 01 03 02 02 01 04 01 03 05 02 05 03 03 05 04 
12 10 15 11 08 06 09 07 05 05 11 02 06 01 06 04 03 03 05 03 05 04 03 06 03 07 05 01 00 05 02 03 03 03 03 02 01 06 03 03 02 04 02 04 02 05 02 04 02 02 02 03 04 05 05 03 02 06 01 01 04 03 05 03 02 01 02 03 02 04 02 02 04 00 03 03 04 01 03 02 05 04 04 04 03 03 02 04 04 05 04 05 03 03 03 02 04 02 02 05 
19 13 06 09 11 01 04 09 07 02 04 04 03 01 01 03 04 06 04 05 05 03 03 03 03 03 03 02 04 02 02 02 02 02 09 02 04 01 04 02 05 00 02 03 02 04 04 02 03 07 02 05 03 02 02 05 04 04 01 05 05 03 03 02 03 05 02 03 05 04 03 04 05 03 03 01 02 02 01 03 05 04 01 06 05 00 06 04 02 04 02 01 02 03 01 02 03 08 03 04 
15 22 11 17 10 12 12 10 15 09 09 17 13 12 06 06 03 03 03 01 03 06 07 04 02 04 03 03 02 02 04 04 03 04 04 07 04 01 04 04 05 00 01 03 03 03 06 03 02 02 04 04 04 05 05 02 03 02 02 02 00 03 05 02 02 02 00 01 06 02 00 00 02 01 04 01 03 02 00 06 03 02 03 02 02 04 04 04 00 02 03 02 00 04 05 03 03 03 03 01 
08 19 11 09 06 12 11 16 19 10 07 08 09 07 05 05 05 05 03 01 05 05 05 03 02 03 02 02 02 03 02 02 03 01 01 01 06 02 01 02 00 01 03 01 03 00 02 02 04 02 04 04 03 03 03 02 02 05 02 03 02 01 07 01 03 03 01 03 01 01 03 03 02 05 03 02 03 03 05 04 00 03 04 05 04 02 00 05 06 04 03 02 05 02 03 03 01 01 03 01 
09 10 16 10 06 02 05 03 08 02 02 02 04 01 01 01 05 01 03 00 03 03 03 01 08 04 00 05 02 02 03 05 03 03 03 03 05 04 04 00 05 02 02 01 03 04 05 02 04 02 01 03 01 02 04 01 00 03 05 04 00 02 01 01 02 01 05 04 03 02 02 03 04 01 04 05 03 04 03 04 04 03 03 04 02 02 03 01 04 00 00 05 04 05 01 04 01 05 03 03 
11 13 12 13 17 11 09 12 12 06 09 06 03 02 03 02 02 02 02 05 03 06 00 04 04 03 01 03 04 04 03 05 01 04 04 05 03 04 03 00 03 01 01 06 02 03 04 01 05 04 02 04 02 04 02 05 04 02 00 03 00 02 03 00 02 01 05 01 03 00 02 01 04 05 04 01 02 01 02 03 02 03 00 02 02 03 03 03 06 02 02 01 03 03 06 02 02 01 02 01 
15 11 04 08 05 10 13 08 05 05 05 02 02 01 01 02 02 02 01 03 05 00 02 03 02 04 03 02 01 01 02 01 04 04 04 05 04 03 02 04 04 02 04 03 01 04 00 01 03 03 03 01 03 04 04 02 03 02 04 04 03 06 01 04 02 01 04 05 02 02 05 04 02 02 03 00 00 02 05 05 04 04 04 03 03 03 03 03 03 05 05 02 02 02 04 03 04 05 03 02 
16 09 06 07 04 03 06 03 03 09 05 06 03 03 03 02 04 03 01 03 01 03 04 04 03 01 02 06 06 05 01 03 01 04 04 07 03 05 02 01 03 01 02 03 06 02 01 03 02 03 02 03 05 04 01 04 05 03 00 03 02 00 02 00 04 05 02 03 05 03 02 04 02 03 03 03 01 03 02 04 03 06 02 01 07 01 01 02 01 03 04 02 03 04 03 01 03 00 02 00 
14 16 15 11 11 18 20 12 08 05 09 14 10 10 06 05 06 03 02 05 03 04 03 04 04 04 03 01 03 03 03 02 06 05 02 00 02 04 06 01 01 01 03 02 03 00 03 03 04 03 01 00 01 03 02 03 01 02 02 03 04 03 04 02 04 04 05 01 02 04 02 01 03 00 02 02 03 03 06 03 04 02 01 02 05 04 04 03 05 02 00 02 07 02 03 05 05 01 04 01 
12 18 16 13 06 06 04 06 09 05 03 06 04 02 09 00 04 04 02 03 04 03 02 00 05 00 01 04 03 02 02 02 03 02 03 02 02 04 00 03 01 05 03 04 01 04 02 03 03 05 02 04 04 02 04 02 01 02 06 02 04 04 04 02 03 02 02 04 01 00 02 01 03 06 04 02 02 05 03 02 03 00 03 00 03 01 05 00 03 05 03 05 07 05 04 00 04 04 03 05 
11 19 16 11 12 13 09 10 14 16 12 10 10 04 06 10 03 03 00 07 05 00 01 02 01 03 02 05 04 00 05 01 01 02 05 05 04 02 01 04 03 02 02 02 02 02 03 03 01 03 01 03 01 01 02 02 04 02 02 04 01 04 05 03 04 02 04 02 02 02 06 02 03 03 06 02 01 03 04 05 02 04 05 02 00 06 03 04 01 05 03 03 03 02 03 02 04 04 03 06 
13 14 14 07 11 14 09 06 06 02 06 05 04 03 03 02 06 03 03 03 00 01 02 01 02 02 04 02 01 03 02 03 02 04 06 02 02 04 02 03 02 03 00 02 02 01 04 01 02 05 07 02 04 03 05 01 05 03 02 03 02 02 01 02 04 01 04 02 02 03 04 03 02 04 06 05 02 06 03 06 05 02 02 06 03 03 02 01 05 01 03 02 04 04 03 03 03 04 06 05 
09 04 02 02 15 11 05 03 01 02 02 04 03 04 04 06 01 03 03 03 03 01 03 01 02 02 02 02 03 06 02 06 02 03 04 04 01 03 03 03 00 04 03 01 02 03 01 04 03 00 00 00 01 01 02 02 07 02 01 00 06 00 05 03 04 01 02 04 01 01 06 02 02 04 02 03 03 04 05 02 04 01 03 01 02 03 03 02 02 00 02 05 03 05 03 03 00 00 03 01 
11 17 10 12 12 04 10 10 06 04 01 05 02 03 00 02 02 02 00 02 06 02 03 05 01 01 02 02 04 03 04 05 01 02 04 04 05 00 04 05 01 01 00 04 04 01 02 04 04 04 04 01 03 02 02 05 02 04 05 02 04 04 02 07 04 03 04 03 05 01 07 04 05 02 04 03 02 00 02 02 02 03 03 03 01 03 04 03 01 04 01 03 02 05 03 03 04 02 02 02 
15 09 05 04 07 09 01 11 05 05 03 05 01 03 04 03 02 01 01 01 02 02 03 03 02 03 01 01 01 04 02 03 03 04 02 03 01 03 02 01 01 03 03 06 03 03 02 03 05 05 04 01 01 03 04 04 05 03 01 03 03 01 04 03 04 02 02 01 05 03 04 03 02 03 03 02 01 03 04 04 02 02 04 06 01 03 05 04 03 02 04 04 02 01 07 03 02 03 05 07 
14 14 07 04 05 05 07 09 11 05 03 02 03 03 03 04 04 03 02 03 04 03 03 04 01 03 05 03 04 03 00 03 03 04 05 06 03 00 04 03 01 04 06 01 03 03 03 03 02 01 01 03 04 05 02 04 04 05 03 05 02 06 05 05 03 03 03 02 03 02 05 01 04 04 04 04 03 01 01 03 04 05 01 03 03 02 04 02 04 03 02 03 03 01 01 04 04 05 05 02 
08 03 02 08 12 06 02 02 02 02 02 09 08 08 07 04 02 05 05 02 04 02 02 02 01 02 04 05 02 04 00 01 03 06 02 01 01 02 03 00 01 03 04 03 03 03 02 03 04 04 01 02 04 01 02 03 02 01 00 05 03 03 03 02 02 04 06 01 04 02 02 02 02 05 02 04 00 03 00 01 02 04 05 04 04 05 05 04 03 03 01 02 06 05 02 03 03 05 04 03 
11 17 19 12 11 14 13 21 10 09 13 07 10 08 04 03 02 00 02 05 02 03 03 05 01 02 02 02 04 01 01 06 03 04 03 01 04 01 03 01 04 03 03 04 03 00 05 02 01 02 01 03 03 01 03 03 02 02 01 03 02 04 02 01 03 04 02 03 02 04 01 00 02 04 02 01 03 05 04 02 03 02 03 03 02 03 01 04 03 08 00 07 02 04 06 02 02 00 04 02 
08 14 11 07 11 12 08 05 03 05 05 09 06 03 02 04 04 02 04 05 04 03 04 04 01 04 05 02 04 03 00 01 02 05 04 02 02 00 03 04 05 03 03 04 00 03 03 01 03 04 04 02 05 00 01 02 04 03 02 04 04 04 03 03 04 01 03 02 03 01 04 02 03 07 02 04 00 03 04 02 02 04 06 03 04 04 01 05 01 02 02 01 02 02 02 02 04 01 00 04 
10 17 09 14 17 20 10 08 10 08 04 09 08 06 03 06 07 03 04 03 00 02 02 05 05 03 02 06 01 04 04 04 03 00 02 04 03 03 05 02 02 04 02 02 02 02 02 02 03 02 04 03 04 04 00 03 02 01 00 05 02 04 02 06 02 06 02 03 04 03 02 01 05 03 05 01 02 05 04 04 02 02 05 04 06 02 03 02 00 02 03 05 02 03 00 04 00 04 04 01 
12 15 13 11 15 14 10 15 14 07 13 16 09 19 07 09 07 14 16 14 15 13 14 09 08 14 06 03 01 05 03 04 03 03 03 02 03 06 04 03 04 05 00 02 04 01 07 00 02 02 04 03 00 05 02 02 02 02 03 02 02 03 01 03 04 01 02 02 02 02 04 03 03 04 05 06 05 04 02 04 02 02 05 02 03 04 03 02 04 04 08 01 01 02 03 06 03 02 04 03 
12 08 13 13 14 10 09 12 12 05 05 07 10 09 10 13 19 16 13 15 14 13 14 12 09 07 12 13 14 11 06 04 04 04 05 03 04 03 05 06 03 04 01 02 06 04 04 00 01 05 01 04 04 02 01 04 02 02 04 04 04 02 05 02 05 05 02 03 02 02 01 03 02 04 00 01 02 02 07 02 02 00 06 01 00 01 01 01 04 04 02 03 03 03 03 03 04 01 03 01 
18 15 12 08 10 12 15 05 07 08 04 06 04 03 04 05 00 04 02 02 03 02 04 02 01 04 03 02 03 04 03 05 03 02 03 04 03 07 04 05 02 05 08 02 03 06 02 05 02 03 03 01 03 09 03 03 01 02 00 06 04 06 04 05 03 00 02 05 07 02 04 03 03 04 01 02 01 05 03 02 02 02 05 05 05 03 02 01 03 09 05 03 03 03 03 02 05 04 02 03 
13 09 08 14 18 03 03 03 00 02 02 01 02 00 01 01 01 02 03 03 05 06 03 03 02 03 02 03 05 01 02 03 00 05 03 02 03 04 03 03 01 03 07 05 01 02 01 01 07 02 07 02 01 02 02 03 02 03 05 02 03 06 02 02 03 03 03 03 02 04 03 08 04 00 05 02 03 04 04 03 02 02 04 01 05 01 01 03 01 01 04 05 01 02 02 04 06 02 02 02 
14 09 05 12 10 03 06 07 05 03 04 04 02 01 01 01 02 05 04 02 02 04 04 02 03 03 02 04 01 01 00 03 02 01 03 02 03 00 00 02 01 03 03 02 04 01 03 07 05 01 02 01 02 00 04 02 04 02 04 02 03 03 03 02 03 03 01 02 04 03 01 03 02 02 02 05 03 03 00 01 00 02 02 02 03 01 05 05 03 05 05 03 03 03 02 05 02 05 04 00 
11 14 18 11 07 18 09 10 11 13 06 04 05 06 02 04 02 02 03 01 07 03 07 03 00 02 01 01 01 02 03 06 04 01 07 03 04 02 04 02 04 08 02 04 03 02 03 03 04 02 05 03 02 01 03 03 00 03 02 03 05 03 02 04 08 03 03 03 01 04 01 03 02 02 03 04 02 00 05 05 02 01 05 01 04 06 04 03 02 02 02 03 03 02 03 01 01 04 03 04 
13 09 10 14 11 12 14 11 12 12 13 10 10 07 01 06 05 02 01 03 02 05 05 04 00 03 05 01 03 04 05 04 02 03 02 04 02 05 02 01 00 02 03 04 04 03 02 01 05 03 03 06 03 02 02 05 02 02 02 06 02 02 01 00 05 04 03 03 03 04 02 04 04 03 05 03 02 05 03 03 03 03 02 04 04 01 01 05 03 00 03 03 02 05 03 05 03 03 04 01 
13 09 08 09 05 09 03 08 08 03 06 02 01 01 02 03 03 03 03 04 04 02 02 04 02 03 02 06 01 03 02 03 02 07 02 00 02 02 02 01 06 01 01 02 06 03 04 03 05 04 05 04 03 04 03 07 03 00 02 02 04 03 04 03 03 06 04 03 03 00 01 02 06 00 04 02 03 04 01 01 02 02 03 03 03 02 04 01 03 00 01 01 01 05 05 00 03 01 02 03 
11 11 16 15 10 15 15 15 17 14 15 06 08 05 05 10 06 10 08 07 11 07 08 14 07 07 04 03 07 04 00 02 02 02 03 03 01 01 03 03 03 02 02 02 02 01 01 00 03 04 03 03 04 01 04 04 01 03 03 03 01 00 02 04 01 02 04 04 03 03 02 07 04 00 04 02 03 01 02 02 02 01 02 03 04 03 02 04 00 02 02 03 04 04 02 01 03 03 03 01 
17 19 11 11 13 08 07 07 06 03 03 02 04 05 03 02 04 03 03 02 06 01 04 04 03 02 00 01 02 02 04 03 03 03 02 02 00 04 04 03 01 03 04 03 03 02 03 03 01 04 04 01 00 04 03 02 03 01 03 06 01 01 01 02 04 03 02 03 02 03 06 04 01 06 00 03 03 04 02 02 04 03 06 04 04 01 02 02 02 03 06 04 07 02 00 04 02 05 03 06 
09 04 14 00 02 02 03 02 02 06 06 02 02 02 04 03 06 02 02 01 04 06 05 05 03 05 03 03 00 01 03 03 04 04 04 05 05 03 03 01 05 02 01 04 03 02 01 05 01 02 03 03 03 02 03 05 06 04 03 07 02 03 00 04 01 02 03 03 05 02 04 02 03 03 03 04 04 04 02 03 03 02 03 02 07 03 03 04 05 02 02 06 03 01 05 02 05 00 05 01 
14 15 14 08 09 06 03 08 09 10 11 10 04 02 04 02 03 03 03 06 01 03 03 02 04 05 02 07 03 02 04 05 01 03 02 03 03 01 03 03 06 04 05 03 03 04 03 04 03 02 04 03 02 01 03 03 01 04 06 05 01 01 01 03 01 02 06 02 02 02 06 02 06 02 03 04 02 02 06 03 01 00 03 03 01 05 05 02 02 03 06 04 01 03 02 01 02 03 02 01 
14 04 05 08 02 05 02 10 06 05 04 01 03 01 04 03 02 04 06 00 01 05 03 02 02 05 03 02 03 02 01 03 01 03 05 02 03 02 02 02 05 03 04 01 03 02 05 03 03 03 06 03 02 02 01 04 01 02 01 05 01 04 05 03 03 02 02 02 01 06 02 03 03 05 05 01 06 02 04 08 01 03 03 02 05 01 02 03 01 04 02 02 05 03 06 06 01 03 04 05 
14 10 05 06 08 11 11 04 05 04 05 13 05 03 01 02 03 00 01 04 03 03 01 02 02 02 03 02 02 05 02 03 01 02 02 00 03 04 02 05 01 07 03 03 02 02 02 02 03 02 03 03 04 02 01 07 01 04 04 02 00 01 05 05 01 02 04 03 02 04 01 04 05 07 02 04 01 03 03 07 00 01 04 03 03 01 01 03 03 04 01 03 03 01 03 03 02 05 02 04 
16 18 13 16 10 14 14 10 13 10 08 04 04 04 04 04 02 01 02 03 03 01 04 03 01 04 03 05 05 04 03 03 03 03 06 04 03 03 02 05 05 03 02 03 03 01 01 04 05 02 04 03 03 00 05 02 05 03 03 05 02 03 01 01 00 02 04 05 05 04 04 05 03 02 02 03 07 01 02 03 04 02 02 02 01 03 05 03 03 05 02 06 02 08 02 00 03 02 01 03 
15 13 16 08 09 08 09 09 05 04 05 03 04 01 06 04 01 05 05 04 06 04 04 03 02 02 02 05 03 01 03 02 03 02 06 03 03 02 04 05 04 05 04 04 08 03 02 02 03 02 02 04 00 01 03 06 03 01 04 01 04 03 01 03 01 05 00 04 03 04 02 06 01 01 02 02 01 01 00 03 05 02 02 04 03 03 02 02 02 03 04 02 03 02 03 01 04 01 01 02 
08 18 08 17 08 09 05 06 05 03 10 05 04 05 05 04 05 06 04 03 02 02 02 02 03 03 01 00 03 06 03 03 02 03 03 01 02 03 04 02 03 04 02 03 01 03 01 03 02 02 02 04 09 03 04 02 06 03 02 03 03 02 04 01 02 03 02 00 01 03 05 02 01 02 04 01 00 02 04 03 04 03 03 02 02 05 05 03 02 02 05 03 03 03 06 03 05 01 03 05 
13 12 10 15 14 15 14 07 02 05 04 04 05 03 07 03 02 05 05 02 03 05 02 03 05 04 06 00 01 01 03 02 08 00 01 01 02 03 04 04 02 01 03 02 03 04 01 02 04 02 06 03 02 02 03 01 03 03 03 04 02 02 00 01 03 02 01 04 06 03 04 00 02 02 03 02 05 02 03 04 05 06 01 03 04 03 02 04 04 02 02 03 08 02 02 03 03 01 03 03 
15 13 04 16 22 12 14 04 09 05 07 08 02 03 04 03 00 03 02 03 03 02 00 04 00 06 02 00 02 01 04 03 02 04 00 03 02 01 01 01 01 02 04 02 05 02 02 05 02 03 05 03 02 02 03 04 00 03 03 05 06 03 03 03 02 02 04 00 03 03 00 03 01 04 03 04 02 02 04 02 02 04 03 01 03 02 05 02 01 02 03 00 03 03 03 04 07 05 03 02 
08 06 02 04 07 06 06 09 05 04 05 04 03 04 00 04 02 03 04 02 04 03 03 03 03 02 03 04 02 03 04 01 06 03 01 03 00 04 06 05 04 01 03 02 05 05 02 06 01 02 03 03 01 05 05 03 01 03 00 03 04 03 03 03 05 04 01 02 04 05 05 04 01 02 02 04 05 03 02 03 04 04 03 04 02 03 03 03 04 03 02 05 05 01 02 05 02 03 05 04 
10 14 08 12 07 06 10 03 07 04 03 04 03 05 02 02 04 04 02 03 03 03 04 05 01 02 02 05 02 03 02 02 01 02 02 01 01 01 06 04 05 05 03 01 03 04 05 04 02 04 01 01 06 01 04 04 04 04 03 03 06 01 00 05 05 04 01 05 03 01 06 03 04 01 03 02 03 02 05 05 03 04 02 04 01 02 04 02 04 03 01 01 03 01 06 02 05 01 02 03 
12 11 10 08 10 07 08 13 12 07 02 05 07 02 04 02 02 05 02 02 03 06 01 04 02 00 01 00 02 01 05 04 06 02 03 03 01 04 04 03 03 05 04 05 03 03 04 02 00 01 02 03 04 01 02 03 03 07 05 02 03 03 01 01 04 07 02 04 03 04 04 01 02 03 02 02 03 03 01 01 00 01 05 06 03 01 02 03 04 05 03 02 02 02 03 01 06 07 04 02 
18 10 12 04 05 07 06 06 07 01 03 01 02 02 04 03 01 03 04 05 03 02 02 01 03 01 06 02 05 01 05 01 06 01 02 03 01 06 02 03 02 03 03 03 02 04 00 02 04 03 03 02 01 02 04 02 00 06 03 03 03 06 03 04 03 04 03 02 01 01 03 06 00 03 02 01 02 01 04 04 01 00 02 04 02 02 00 02 01 04 03 03 04 03 03 05 03 01 04 03 
16 13 15 16 10 16 12 11 09 09 07 07 08 03 05 03 03 03 05 03 05 02 03 03 03 04 03 05 02 04 03 02 02 03 03 04 01 03 02 03 01 03 01 03 02 03 03 03 01 02 03 06 02 01 02 02 02 03 04 05 03 03 04 02 02 01 03 02 02 03 03 03 04 04 04 00 04 02 03 04 04 03 04 02 03 04 04 03 03 01 03 00 04 03 05 02 05 02 00 04 
12 03 03 02 03 09 07 06 04 04 02 01 05 02 03 01 03 01 02 02 03 02 03 07 02 02 02 03 02 02 04 02 01 04 02 01 04 01 01 02 06 02 03 04 02 03 04 03 02 03 06 01 04 01 03 03 03 02 04 03 04 00 02 03 04 04 03 04 03 05 01 04 05 00 03 02 01 05 03 01 02 01 02 02 08 03 02 03 03 03 02 06 01 00 03 03 02 03 01 04 
11 12 15 12 08 02 05 04 04 06 03 03 02 03 03 03 05 00 03 04 03 03 04 05 01 02 01 02 05 02 02 04 05 04 05 04 01 03 02 02 01 05 01 02 02 02 01 04 05 02 02 03 02 04 04 03 04 03 02 01 03 02 03 04 00 04 03 04 04 03 03 03 04 03 02 01 02 02 01 04 02 07 02 03 03 03 03 04 03 03 06 04 03 02 06 01 02 04 02 02 
14 21 14 09 09 08 06 06 06 05 04 00 02 00 04 00 02 05 01 04 03 02 02 05 05 02 03 04 04 04 03 02 04 04 04 02 03 01 05 01 01 04 00 04 03 05 05 04 05 02 01 03 03 02 02 01 05 03 05 01 02 04 03 04 04 04 02 02 00 04 02 03 03 04 02 02 03 02 01 03 05 02 04 06 02 03 04 01 02 05 02 02 01 04 02 05 04 03 03 02 
06 05 13 06 12 06 04 05 02 04 02 02 01 05 04 03 04 03 04 01 03 03 02 03 07 06 01 03 03 00 02 04 03 03 02 03 04 03 04 04 02 02 01 04 03 00 03 03 05 02 01 01 01 03 04 01 03 01 04 04 02 05 03 04 07 01 06 03 00 01 04 04 02 05 01 00 01 04 05 03 06 03 05 04 02 02 02 05 03 02 03 00 03 03 00 04 04 03 03 04 
16 09 11 07 03 08 06 07 04 06 05 02 03 04 03 04 04 04 02 02 00 03 05 04 01 04 01 01 00 03 03 05 03 04 01 05 04 01 03 05 02 03 04 02 04 01 06 02 03 00 03 03 04 03 04 04 05 02 04 05 03 05 05 03 00 06 02 01 03 02 04 00 05 03 01 00 05 02 03 02 03 05 04 03 03 01 03 03 01 03 02 02 04 02 04 01 01 01 03 05 
13 16 17 15 03 16 11 08 06 08 06 07 06 05 04 02 02 04 03 02 02 05 05 05 03 02 02 03 03 01 02 03 05 03 02 01 03 04 01 03 03 03 05 02 03 03 02 04 00 03 04 02 05 02 03 06 02 04 04 03 02 04 03 01 03 04 02 03 01 02 03 01 02 00 01 06 02 03 00 01 03 03 06 04 06 04 03 03 02 03 04 02 04 02 03 02 04 04 02 02 
12 14 16 10 03 10 04 17 07 08 12 04 02 00 03 03 06 04 03 01 01 03 01 01 02 03 06 04 02 05 01 01 02 03 07 05 03 01 04 05 07 01 07 04 04 00 05 02 03 04 02 02 03 00 04 03 02 03 03 02 09 06 04 03 02 04 02 02 03 03 05 03 05 03 02 04 01 05 05 02 04 01 06 02 04 03 03 03 03 01 03 03 03 03 02 04 02 00 00 03 
11 11 12 17 13 12 07 08 08 07 06 08 08 01 06 02 04 02 03 04 06 02 04 03 04 00 03 00 04 05 05 03 02 05 05 00 01 02 01 04 01 01 02 07 04 02 00 03 02 00 04 02 03 00 01 03 05 01 03 04 03 02 02 01 03 01 01 03 01 03 05 03 01 03 02 03 04 00 02 03 01 03 01 02 04 05 01 04 03 00 02 02 04 06 03 01 02 01 02 01 
08 15 11 08 11 04 06 03 07 04 07 05 03 04 04 01 01 04 05 05 05 04 02 06 02 02 02 04 07 04 03 02 00 04 04 01 03 04 03 02 04 02 05 03 05 02 02 03 05 03 04 04 01 04 04 00 05 03 03 02 01 01 03 04 01 02 03 02 03 05 01 03 04 02 02 03 04 03 02 02 03 01 06 04 02 04 02 02 04 05 02 01 05 01 04 02 03 02 02 02 
