04 08 13 04 04 04 04 10 07 08 06 05 10 05 02 02 02 02 02 01 03 02 01 03 01 05 05 07 05 03 02 06 05 05 04 01 02 02 04 05 03 00 03 06 02 02 02 02 02 03 03 04 04 01 04 04 02 06 04 02 01 04 03 03 02 06 03 03 03 04 01 04 03 05 04 03 03 03 03 00 02 03 02 02 06 02 05 00 02 00 02 02 02 01 04 06 02 02 02 04 
08 14 09 04 06 05 06 02 03 03 04 03 08 02 05 02 02 00 07 00 03 01 04 01 03 01 04 04 06 02 05 06 05 01 05 00 04 02 07 05 03 03 02 03 04 03 05 04 04 04 04 05 04 02 03 03 02 05 06 02 03 03 05 04 03 01 05 00 02 03 02 03 02 02 03 04 06 02 02 02 02 02 04 01 03 01 05 03 04 05 03 04 02 04 04 02 03 11 01 02 
10 06 02 00 02 01 05 03 10 03 02 01 05 03 02 05 04 04 02 03 03 05 03 04 06 04 03 01 01 04 03 02 02 03 02 02 04 01 02 00 03 01 06 03 07 02 05 05 01 02 03 01 05 07 01 03 06 03 04 01 03 01 04 01 03 02 03 02 02 01 03 02 01 05 08 03 05 02 00 04 05 02 01 02 03 05 02 04 03 03 02 03 04 03 05 03 01 01 03 02 
09 04 14 06 03 06 07 04 02 02 06 04 04 02 03 02 01 01 02 03 03 02 04 02 06 05 03 03 04 03 02 04 00 05 00 02 02 06 03 01 02 02 02 03 03 03 01 02 08 04 07 01 03 04 02 01 01 06 01 03 01 04 05 07 02 02 00 01 03 06 04 02 03 05 02 05 02 01 03 04 03 01 08 04 05 03 02 02 00 03 02 00 05 01 00 03 03 08 02 02 
10 11 08 03 08 05 02 02 03 05 06 01 05 03 03 05 04 01 03 04 02 02 04 01 00 02 03 03 01 01 03 01 01 05 04 02 01 02 02 02 00 01 07 02 02 04 05 02 01 05 00 09 00 02 03 03 02 02 03 03 03 04 03 03 03 00 02 00 04 04 00 06 00 01 02 01 03 02 02 03 02 03 05 02 04 03 05 02 02 03 02 03 05 03 00 05 02 03 02 03 
08 05 01 02 02 01 01 06 03 01 02 03 05 13 05 02 02 01 04 07 01 02 04 09 06 04 01 04 01 01 05 04 06 03 03 05 03 01 01 03 02 01 04 03 01 01 01 03 04 02 02 03 03 00 03 03 05 04 07 01 04 01 04 03 03 02 03 06 04 02 03 01 00 04 04 04 01 02 02 02 03 03 03 02 01 07 01 01 04 00 06 05 02 04 03 01 04 02 03 03 
12 02 06 07 03 04 04 03 03 03 01 05 01 01 01 05 02 04 06 02 05 04 05 03 01 04 05 02 02 02 01 01 01 02 02 01 01 03 02 01 03 03 06 03 02 05 02 02 01 03 03 02 04 08 03 03 02 01 08 01 05 03 02 04 05 03 03 02 03 04 02 02 01 03 02 04 02 02 03 04 01 02 02 02 02 01 00 05 01 05 02 01 04 06 06 03 03 02 00 02 
29 12 06 05 02 05 04 06 02 02 03 02 03 11 01 04 03 04 02 04 00 01 05 01 06 02 02 04 02 03 02 02 03 03 01 01 02 02 02 03 03 01 00 03 04 02 06 03 05 03 01 03 02 02 02 03 02 01 02 02 03 00 02 02 01 04 06 03 03 01 01 04 03 05 04 01 00 05 03 03 02 03 02 04 05 01 05 01 01 03 01 06 00 01 03 02 01 03 03 05 
17 09 02 06 09 07 03 03 08 03 07 00 03 02 02 04 02 04 04 05 06 02 03 01 02 03 03 04 00 05 06 03 03 02 04 06 03 01 01 02 02 00 02 04 03 05 07 05 04 06 03 02 03 02 06 03 04 03 04 01 02 02 01 02 03 02 01 00 03 00 04 03 01 02 01 01 03 05 01 00 02 00 01 03 02 03 03 02 07 02 04 02 05 01 01 02 02 04 01 00 
04 11 02 04 04 01 06 04 08 03 07 04 02 05 02 06 02 01 01 05 01 02 02 02 02 05 01 01 00 03 04 02 04 01 02 05 03 00 04 05 04 03 06 04 03 08 02 04 07 00 01 03 04 04 04 03 03 11 01 03 01 02 02 01 03 02 03 03 05 03 01 03 01 01 05 02 04 01 04 03 04 03 02 03 04 02 02 03 00 04 01 02 03 02 03 03 04 06 01 04 
18 02 06 12 14 04 04 02 05 02 05 04 04 04 07 05 03 03 02 00 02 02 01 06 01 03 04 06 02 07 07 04 04 02 03 08 02 02 03 00 03 01 02 02 05 02 02 03 03 03 04 04 03 02 03 03 04 00 01 05 02 01 02 04 04 02 04 04 00 04 02 03 00 01 04 02 02 04 03 03 05 06 02 03 00 01 00 06 04 05 03 02 02 04 02 01 04 04 05 00 
12 09 06 03 12 11 26 19 09 02 02 08 05 06 02 00 04 05 01 03 02 02 03 04 01 03 02 06 03 04 03 03 01 03 03 02 01 03 07 02 00 04 04 05 06 02 04 05 03 04 00 02 01 01 03 05 02 03 06 04 03 02 01 06 02 05 01 02 04 02 02 00 04 01 02 00 03 02 01 03 04 02 04 05 05 01 01 02 04 03 00 05 06 02 03 03 06 03 02 03 
12 03 00 04 18 07 02 05 02 01 03 04 01 02 03 02 04 03 07 04 01 03 02 00 04 02 02 04 02 05 01 01 01 03 04 04 06 03 03 02 05 01 02 04 00 01 03 02 02 03 02 02 01 02 04 02 03 01 02 02 01 01 07 03 03 02 04 03 04 00 02 03 03 04 04 03 04 05 01 04 03 02 02 01 05 02 01 03 04 02 02 01 00 03 05 04 03 03 01 06 
15 22 19 16 20 25 05 09 10 12 04 09 04 02 03 04 01 01 05 01 02 03 04 01 02 04 00 04 06 03 02 02 02 03 01 01 03 01 00 00 01 05 02 00 06 03 01 07 03 09 02 02 02 01 04 02 00 03 03 01 03 02 01 03 02 08 01 01 01 06 03 02 01 05 04 02 02 04 05 03 01 03 08 03 05 02 03 02 01 05 02 01 07 05 01 05 04 02 03 03 
13 10 15 04 08 02 12 01 05 08 08 04 01 04 04 04 02 05 00 02 02 06 10 04 01 00 02 00 03 06 06 01 03 04 05 03 00 02 02 04 04 01 02 06 03 03 03 04 05 01 03 03 00 03 02 02 03 03 01 04 04 05 02 02 02 01 04 01 02 03 04 03 03 06 03 03 06 04 02 02 02 02 01 04 06 03 02 03 04 03 04 03 03 03 03 02 05 08 03 08 
14 07 17 04 16 07 03 06 05 03 02 04 04 03 02 03 09 05 00 01 03 03 03 04 03 03 03 02 01 03 02 01 07 02 03 03 03 01 05 01 01 01 02 05 03 04 04 04 07 02 03 01 04 00 04 01 01 04 03 02 02 02 06 02 00 06 02 00 03 01 02 04 02 04 02 01 05 04 00 01 02 02 04 01 04 02 05 04 09 02 05 03 02 02 00 06 02 03 02 01 
14 21 12 19 04 00 01 03 06 03 04 07 10 05 06 02 03 01 05 00 03 11 02 02 03 02 01 03 00 02 04 02 05 07 04 02 02 06 03 03 02 01 04 05 05 03 03 02 00 02 02 05 02 06 03 04 03 03 02 02 01 03 06 03 04 02 02 02 04 02 03 02 04 01 03 03 02 05 01 02 04 01 07 01 03 03 03 04 03 02 01 04 05 05 03 02 01 03 02 05 
19 12 07 05 02 08 04 13 04 02 02 00 04 03 04 04 02 02 01 03 05 04 04 03 01 06 04 04 02 04 02 02 03 02 02 02 10 03 02 04 04 03 01 04 02 05 04 03 04 03 04 00 01 03 06 05 03 03 04 09 05 01 01 02 02 02 02 02 03 02 04 02 01 01 01 00 04 04 03 02 05 06 01 01 01 01 03 03 00 02 01 02 02 03 02 05 01 02 02 04 
10 16 04 11 09 06 02 02 04 14 05 05 03 02 03 02 02 00 02 05 00 00 01 03 02 02 04 02 04 05 03 02 05 03 03 05 01 00 03 03 03 01 02 01 03 01 04 02 02 03 03 01 03 04 03 00 02 01 03 07 02 05 05 02 04 03 02 03 01 03 03 01 02 05 02 02 05 03 00 06 02 04 02 06 04 04 02 04 03 04 06 03 00 02 03 02 03 05 03 03 
13 24 06 02 07 05 05 03 04 04 00 03 00 04 01 02 02 00 05 03 05 01 03 05 00 02 03 09 00 03 00 03 02 02 01 02 03 04 03 02 00 02 02 04 05 02 06 01 01 05 04 01 01 03 01 02 01 04 03 06 02 03 00 04 03 10 01 02 04 04 03 03 03 04 02 02 04 05 03 02 03 03 02 04 03 02 00 02 01 01 02 01 06 05 01 01 02 05 04 01 
05 07 05 03 09 06 05 05 16 08 17 04 04 04 06 05 00 05 04 02 01 03 02 03 07 02 04 05 01 04 06 04 01 03 02 03 05 04 02 04 05 05 01 03 02 02 02 00 01 04 01 01 03 01 03 01 03 02 04 01 05 06 01 02 03 05 03 04 03 02 01 00 04 02 03 02 03 03 04 01 02 02 04 01 06 05 04 01 04 01 02 05 05 02 02 02 03 02 04 05 
11 07 16 15 05 07 16 11 01 00 05 06 05 06 04 08 07 05 03 04 05 02 02 02 01 03 05 04 05 00 01 03 03 02 02 02 06 03 04 00 05 03 03 03 03 06 03 02 07 02 02 02 02 04 02 02 03 03 03 04 02 02 03 02 04 02 03 05 01 01 02 04 00 05 03 05 04 00 05 03 06 01 04 01 06 05 04 04 03 03 02 00 05 03 03 03 04 04 05 04 
12 00 04 02 01 10 05 03 01 05 01 03 05 03 03 04 01 05 04 00 03 03 04 02 02 02 02 01 06 04 00 03 04 02 05 03 02 05 06 03 02 03 03 04 00 08 03 04 02 02 00 02 03 05 02 03 03 04 02 02 04 01 01 01 03 04 04 04 02 02 01 00 01 05 03 01 03 07 03 01 00 01 02 05 02 02 01 00 04 02 04 03 04 01 01 04 05 04 04 03 
09 10 07 05 03 03 02 08 03 04 04 03 03 03 03 04 04 03 01 00 03 03 04 02 02 00 07 00 02 01 03 02 02 01 04 00 02 04 06 07 03 03 02 03 02 04 05 01 03 01 04 04 03 00 05 02 02 03 03 04 04 02 02 04 02 03 01 03 04 02 02 01 05 02 03 01 02 03 04 01 03 01 03 03 01 01 03 05 02 00 03 01 03 07 02 03 05 04 04 05 
09 07 03 03 02 01 00 08 01 01 05 07 05 01 03 02 05 02 06 03 04 02 06 01 05 03 03 01 01 02 05 02 04 01 00 06 01 08 04 01 01 03 02 03 01 02 07 01 03 07 05 03 05 03 06 04 02 03 04 03 02 08 01 01 02 02 04 06 01 05 04 01 00 03 04 02 02 03 02 02 03 05 02 05 02 00 02 03 02 03 02 04 05 02 03 03 04 02 04 04 
11 11 07 10 17 16 08 04 01 06 02 05 02 01 05 02 04 03 03 03 04 09 01 02 01 01 00 03 05 05 04 02 00 03 03 02 03 06 01 02 04 04 01 01 04 03 03 01 05 03 02 03 02 04 01 05 05 02 03 06 02 02 04 05 04 03 02 01 04 07 03 04 04 03 02 02 05 04 03 02 03 02 01 05 02 04 01 04 04 02 01 02 04 04 03 02 03 02 02 04 
07 05 06 02 00 00 01 01 03 03 02 03 01 03 04 02 02 04 03 03 02 04 01 03 07 02 03 00 02 06 04 04 02 03 02 02 02 04 02 05 02 02 03 02 03 04 04 04 04 03 02 02 03 02 02 02 03 01 03 05 01 05 03 02 02 04 03 03 00 04 01 02 01 02 02 03 04 02 02 01 05 02 02 05 04 06 04 04 04 06 03 01 04 03 02 06 01 03 05 01 
22 05 11 06 14 11 02 03 04 03 04 05 03 05 03 03 02 04 03 02 04 02 02 06 03 02 00 03 03 02 03 04 02 03 03 02 04 06 03 04 02 00 07 03 04 06 02 04 04 06 05 02 04 02 02 02 02 04 00 04 02 02 04 06 01 02 02 02 06 02 03 02 05 03 04 05 03 06 02 05 03 03 02 01 02 02 01 03 01 04 01 03 02 04 05 00 03 05 04 01 
02 09 01 05 17 04 01 04 03 07 05 02 06 07 08 01 06 00 05 01 02 03 04 00 01 06 06 04 09 00 06 05 01 00 05 03 02 01 03 00 04 03 02 02 05 03 02 03 06 02 04 05 06 01 02 05 02 03 01 05 03 03 03 05 03 06 07 07 04 06 01 05 01 05 04 03 01 04 03 01 02 01 04 01 01 04 04 02 03 03 02 03 05 02 04 02 02 05 01 01 
21 11 04 00 02 01 01 07 02 01 02 02 00 00 04 03 05 02 09 01 03 02 01 02 02 04 02 01 03 04 04 03 02 01 03 03 06 01 04 05 03 01 06 07 02 02 00 02 02 04 04 03 02 05 01 02 02 05 02 04 02 03 07 04 02 07 01 02 01 00 02 02 01 02 01 02 04 02 03 04 03 06 02 00 03 02 02 02 05 02 04 06 01 03 01 01 05 03 03 03 
27 24 04 02 06 08 06 04 00 04 06 04 02 04 02 05 01 04 00 00 04 06 04 02 01 02 04 01 02 02 04 03 06 07 02 04 08 01 02 04 02 04 04 03 05 01 03 04 01 00 01 04 03 03 02 01 01 04 03 04 02 07 04 04 03 04 05 00 03 03 02 03 04 04 05 05 01 01 03 02 07 07 02 02 02 01 02 05 02 04 03 03 03 03 03 01 02 04 04 01 
07 06 04 04 00 04 03 04 02 02 01 10 05 04 05 04 03 00 01 02 01 03 03 04 05 02 01 00 02 07 04 04 03 03 05 02 00 04 01 04 04 01 03 00 00 03 04 04 05 03 03 04 03 05 05 06 01 00 02 02 02 00 04 01 01 03 00 02 03 03 01 04 08 02 07 01 06 01 03 02 00 02 05 04 03 05 03 03 03 03 04 03 01 03 03 02 02 03 01 00 
06 13 07 02 17 06 07 02 06 02 04 05 05 04 02 05 01 06 01 02 03 08 08 00 02 04 00 06 04 02 03 04 03 02 03 02 04 01 03 00 02 01 05 01 01 04 03 03 05 03 02 03 04 03 02 03 04 01 03 02 05 05 03 01 02 02 04 04 02 09 01 03 01 03 06 08 03 04 02 03 01 03 03 02 01 06 05 05 04 05 02 01 04 01 02 05 03 01 02 04 
12 07 12 14 08 01 05 00 03 03 06 03 06 01 02 01 04 04 01 08 01 06 03 07 04 04 02 01 02 02 03 04 04 04 06 04 04 02 02 03 03 06 02 03 04 03 02 02 01 03 04 03 01 02 02 03 02 03 02 03 02 03 01 03 04 04 03 01 00 02 04 02 04 03 02 01 05 03 01 03 01 02 02 04 04 03 01 03 02 05 02 06 03 01 01 03 05 01 00 01 
05 11 29 06 02 03 01 02 01 04 02 01 00 03 02 04 02 04 06 02 01 04 01 02 05 01 05 03 04 00 01 06 00 02 02 01 06 03 04 03 03 01 00 01 03 04 02 02 05 05 05 02 06 07 06 03 04 04 01 02 03 03 02 02 01 05 00 03 04 01 04 04 06 04 02 02 04 01 04 00 01 01 03 02 01 03 00 04 01 02 02 04 01 00 05 00 03 04 02 01 
10 14 02 02 03 21 09 04 04 04 02 06 03 03 02 00 02 03 01 03 03 06 07 03 06 06 04 02 02 02 05 03 02 02 03 01 03 02 02 01 03 05 02 01 05 03 01 03 02 00 04 03 08 02 02 03 01 02 02 02 03 04 03 07 02 04 06 04 04 01 02 04 03 01 03 02 02 04 01 01 00 02 02 03 00 04 00 05 04 03 03 00 01 02 02 02 02 01 01 03 
12 22 02 02 03 02 02 05 07 04 06 01 01 04 01 03 04 03 04 02 01 04 05 02 01 02 01 01 03 01 05 02 01 02 01 04 01 04 01 02 03 01 02 02 03 01 03 07 08 05 05 02 02 01 04 03 02 04 02 02 01 02 03 03 02 01 02 03 02 04 01 01 02 07 05 03 06 05 03 03 02 05 03 02 02 01 07 08 03 06 05 05 03 02 06 01 01 03 01 02 
09 01 01 08 07 05 03 05 09 02 01 04 05 01 05 00 01 06 00 02 00 03 08 04 03 04 03 04 04 05 03 01 05 06 03 04 02 02 04 02 02 04 06 06 03 06 02 02 04 04 04 01 01 00 04 02 03 14 01 04 03 01 02 06 00 02 01 00 03 02 02 06 04 01 04 01 06 03 06 04 03 03 02 00 01 03 03 03 06 02 02 07 03 01 02 03 00 01 03 03 
11 05 12 01 00 02 02 05 04 05 00 01 03 04 04 04 04 01 05 03 02 01 03 02 04 03 04 02 07 00 03 02 03 02 06 03 04 03 03 05 02 01 00 02 01 01 03 03 03 04 03 02 08 04 04 04 04 04 02 04 04 02 01 05 03 01 03 01 04 03 00 07 02 02 05 02 00 03 04 03 00 04 07 04 05 06 03 05 05 01 00 00 03 01 00 03 01 03 04 02 
08 03 06 11 02 06 06 08 01 05 07 03 02 00 02 02 01 04 00 02 01 02 04 00 02 03 02 01 00 01 02 03 03 04 03 01 04 01 05 01 03 01 06 03 02 01 04 01 04 03 03 03 03 02 01 01 03 02 03 03 02 04 03 02 03 03 01 03 01 03 06 00 01 02 05 02 03 02 01 03 03 03 03 03 02 02 02 09 01 05 03 04 02 04 03 06 05 04 04 04 
09 12 11 01 10 03 01 03 03 08 10 06 00 01 02 02 01 03 03 04 03 04 04 02 01 01 02 02 04 03 02 02 04 02 02 01 05 01 03 04 01 03 03 00 02 04 03 02 04 01 04 01 03 05 03 05 02 03 02 02 02 03 05 03 00 02 02 01 06 02 01 02 01 02 04 00 02 03 01 05 03 01 01 03 03 01 02 01 05 01 00 03 07 02 02 01 01 01 01 02 
06 07 14 06 02 02 01 03 04 05 03 06 01 05 04 06 03 01 05 05 05 03 05 04 02 03 02 04 02 01 00 02 01 01 03 05 01 01 06 00 05 01 01 05 02 04 04 02 01 03 02 01 01 03 02 03 02 03 02 06 07 02 03 06 03 03 01 02 02 02 03 03 02 01 06 06 02 00 03 04 01 10 02 03 04 03 03 04 03 01 00 01 06 03 00 01 03 01 04 01 
17 04 05 10 01 05 08 05 08 02 03 04 01 06 04 01 02 00 04 06 05 03 02 03 05 01 01 01 01 05 07 03 02 04 02 06 04 02 03 03 03 02 04 02 03 01 02 01 03 02 05 01 03 03 02 03 00 03 02 02 06 02 03 05 01 01 03 02 05 03 07 00 03 02 05 04 04 03 03 03 02 05 03 04 03 03 02 02 06 02 04 01 04 05 00 02 00 00 00 02 
07 25 11 09 07 06 14 17 14 21 07 01 16 04 06 04 14 03 01 03 03 03 04 07 02 02 02 03 03 02 01 03 04 02 03 04 00 02 04 03 03 05 05 03 02 01 02 05 04 01 02 02 03 02 02 01 04 01 07 07 03 08 02 01 05 03 00 05 02 01 03 04 04 02 04 03 04 01 04 04 07 02 05 00 02 04 04 06 04 03 07 03 03 01 04 03 01 02 05 02 
11 04 02 02 00 03 07 05 04 01 06 02 02 03 03 01 02 03 03 02 09 03 04 07 06 01 04 03 04 07 05 00 01 03 04 01 00 02 02 06 00 00 03 05 02 00 01 04 00 03 00 02 00 07 03 03 02 04 05 01 04 04 06 06 03 03 04 03 05 03 05 01 03 00 01 03 01 03 02 02 02 02 01 01 04 03 05 02 00 04 04 02 04 03 04 03 05 01 03 02 
24 13 07 04 03 06 05 02 04 03 01 02 01 03 01 02 02 02 03 01 02 01 03 01 00 01 05 04 07 01 05 05 02 01 01 00 02 02 08 03 01 04 02 03 03 07 06 01 00 02 02 04 03 03 04 02 02 03 01 02 05 04 03 02 05 05 01 03 01 04 04 01 02 02 00 03 02 01 02 05 02 03 02 02 01 04 03 01 04 02 04 03 03 01 02 08 03 04 00 02 
05 05 04 00 01 03 05 03 07 03 04 03 01 00 02 02 03 05 03 02 03 03 04 03 01 01 04 01 06 03 04 02 01 06 04 04 03 02 03 03 02 03 04 03 06 06 04 05 04 04 02 03 02 03 00 05 02 03 00 03 05 02 03 01 01 03 02 06 04 06 05 04 06 05 02 04 01 07 02 03 02 04 04 06 02 05 04 01 05 02 02 06 03 02 07 03 00 01 00 04 
21 06 05 01 04 04 01 08 01 02 05 02 02 03 05 04 02 03 02 01 01 06 05 01 02 02 02 02 03 04 01 03 02 03 02 03 02 02 04 02 06 00 02 02 01 02 01 03 03 04 00 03 06 07 04 03 03 02 04 06 02 03 01 02 02 04 01 04 03 01 02 04 01 03 03 05 03 05 03 01 03 02 02 02 05 01 03 06 06 04 04 04 02 01 05 05 02 02 03 01 
11 00 04 02 04 07 04 01 04 02 02 04 01 03 01 00 04 01 03 03 00 05 04 01 02 02 04 05 02 03 02 05 01 04 02 05 03 00 04 05 03 03 04 00 04 06 01 03 01 04 02 02 01 02 02 02 02 04 01 02 03 01 03 04 04 01 02 03 02 01 03 04 01 03 03 06 08 04 05 00 05 02 02 02 03 01 02 01 02 06 03 04 01 01 03 06 03 04 04 05 
32 17 14 09 06 12 13 26 22 03 03 11 11 12 05 08 03 03 01 04 01 02 02 04 02 03 03 05 04 03 04 04 02 02 01 00 02 01 02 03 03 04 02 04 00 03 03 01 02 05 03 02 03 01 06 02 07 03 04 01 03 01 05 03 04 02 02 03 01 02 04 02 03 01 03 03 00 04 02 02 02 01 00 04 03 01 01 06 04 04 02 03 06 04 01 04 00 03 03 03 
02 13 04 17 05 10 06 02 03 02 07 05 04 09 00 06 05 03 06 04 01 03 03 00 02 03 03 01 06 03 02 03 04 03 01 05 01 07 08 04 05 05 03 03 01 00 03 03 02 02 01 01 03 02 03 01 06 05 01 03 02 05 03 01 01 02 02 04 01 03 05 02 03 00 04 03 03 00 01 04 04 04 00 02 02 02 00 01 01 02 05 02 03 01 02 02 03 03 02 01 
06 13 03 03 04 12 00 07 04 08 06 02 02 04 00 05 00 04 01 01 01 02 03 02 00 06 03 04 06 04 03 00 05 02 00 03 02 02 01 02 01 01 01 02 03 03 02 03 01 02 06 03 02 02 04 03 03 07 00 03 04 03 05 03 02 02 02 05 00 00 04 01 02 01 07 03 05 04 02 00 01 01 05 06 01 04 01 04 03 03 02 02 02 01 00 02 03 03 04 02 
20 05 01 06 02 02 02 06 00 02 08 03 03 03 03 05 05 06 02 00 02 00 02 02 02 06 03 03 02 02 04 04 02 01 05 00 05 04 02 01 03 03 04 01 01 09 05 02 02 00 02 03 03 05 01 03 02 02 03 01 01 00 03 03 02 03 04 02 03 05 05 02 00 00 04 05 05 05 02 03 01 00 06 01 02 03 03 04 01 02 08 05 05 05 04 02 06 03 04 01 
04 11 20 03 10 04 02 03 03 06 02 01 02 04 01 03 04 01 02 04 02 04 04 00 01 02 06 02 03 03 01 03 04 03 04 02 06 02 01 04 02 07 02 04 01 01 03 03 03 02 02 02 04 01 02 00 01 05 01 01 05 04 01 06 04 02 03 03 03 03 00 00 05 04 01 03 07 02 04 04 01 02 06 02 02 02 02 02 02 02 02 01 04 04 04 06 02 05 04 00 
03 18 00 26 05 09 02 06 02 02 02 02 01 02 04 01 05 05 07 02 01 03 01 05 00 05 02 00 02 03 05 03 02 01 05 04 01 05 03 05 05 02 02 03 01 03 05 02 03 03 02 05 01 02 09 04 03 00 04 05 04 05 04 02 04 04 07 01 03 01 03 01 04 04 06 04 02 03 04 03 00 02 00 04 01 02 01 01 01 05 02 02 02 00 03 01 05 04 03 01 
11 11 03 12 15 00 10 10 10 06 09 02 02 03 02 00 10 04 02 03 04 01 03 02 04 00 05 02 01 02 01 03 02 04 02 05 03 00 06 01 01 04 03 01 06 00 06 05 00 03 05 04 04 01 03 10 02 05 04 00 04 04 02 07 01 01 03 02 03 03 01 05 04 05 05 04 03 03 03 02 03 07 02 02 02 04 03 04 03 02 02 04 04 03 05 02 00 03 01 09 
15 03 04 08 05 11 11 05 01 04 03 07 03 05 04 01 03 03 06 03 01 06 03 03 02 02 04 01 00 03 02 03 01 01 03 01 04 01 03 06 03 05 03 04 04 00 00 03 06 02 02 03 02 00 01 01 02 03 04 01 02 03 03 03 03 04 03 01 04 05 01 02 03 01 04 00 01 01 03 04 02 01 03 06 02 04 01 03 05 01 04 02 01 04 01 04 04 01 03 03 
11 13 11 08 09 03 07 29 07 13 01 03 00 08 09 07 02 05 00 01 03 02 02 02 05 01 03 03 04 03 01 03 04 02 06 07 02 03 03 01 07 02 08 02 02 01 02 04 02 02 04 03 03 07 02 01 06 01 00 03 02 03 02 03 06 03 04 03 01 05 02 02 03 01 02 04 06 02 00 03 03 00 00 00 06 00 07 01 02 03 03 03 03 03 04 00 03 06 03 02 
06 17 06 03 03 04 01 12 05 04 03 03 03 05 09 03 01 03 05 02 00 02 06 03 01 02 03 01 03 02 02 00 02 02 02 06 01 05 04 05 01 02 00 01 07 02 01 03 02 05 01 04 00 01 05 04 03 01 04 00 01 04 09 03 00 03 00 01 04 03 06 04 05 03 01 04 04 05 05 02 01 04 04 00 02 02 02 04 05 04 04 09 03 03 03 01 03 04 00 02 
08 01 05 10 00 00 02 01 02 04 01 03 02 03 02 01 01 03 04 02 04 02 04 04 02 04 05 02 02 02 02 05 06 04 06 01 07 01 05 02 06 01 02 01 05 05 02 04 02 01 02 07 03 00 01 03 01 04 03 01 03 01 00 05 02 02 02 02 03 05 07 04 04 02 03 02 04 05 06 04 02 02 04 02 02 05 04 01 05 05 07 02 03 05 04 03 04 02 03 03 
08 04 01 01 04 12 08 13 10 04 03 08 03 12 02 02 01 05 06 03 06 00 03 02 03 02 03 10 02 05 04 02 01 00 03 01 07 03 01 02 02 05 06 03 01 04 03 05 01 01 01 03 02 05 04 02 04 02 03 00 03 03 01 04 03 03 03 01 04 05 00 03 00 02 05 05 01 04 02 04 02 02 04 04 03 02 06 03 02 02 06 05 04 05 04 01 03 02 02 02 
09 02 09 06 05 05 10 11 09 06 08 03 03 02 02 02 04 04 04 01 03 04 06 03 03 01 05 07 02 04 03 03 01 01 03 02 05 05 03 02 02 04 02 03 02 04 02 03 01 02 01 01 03 05 06 01 03 02 04 01 04 01 04 00 02 05 04 04 02 05 05 02 02 06 04 02 01 01 03 05 03 00 01 00 01 02 02 04 03 05 02 06 05 02 03 01 07 06 05 03 
15 27 08 15 26 12 03 01 06 01 02 06 03 03 04 03 02 03 04 04 06 02 03 03 04 03 02 03 02 01 01 02 01 04 00 01 02 03 03 03 01 03 02 04 02 02 01 01 02 02 01 02 02 03 06 04 05 03 01 01 00 01 02 02 01 04 02 03 02 00 02 01 02 01 03 01 05 01 04 03 06 06 03 03 02 02 04 04 03 01 03 05 06 04 01 05 04 05 02 02 
16 03 02 02 03 02 01 06 02 04 03 01 03 07 02 02 07 01 08 05 06 04 08 05 03 01 02 04 05 05 02 04 05 02 03 03 01 02 04 01 02 03 05 03 01 02 04 02 03 02 00 02 03 00 06 02 03 04 01 03 01 03 04 04 01 03 03 04 00 04 04 02 05 03 06 03 02 03 02 02 08 02 02 01 02 03 05 04 02 03 03 04 01 01 00 01 03 03 06 04 
05 10 08 03 03 02 06 03 01 03 03 05 02 05 04 00 01 04 01 05 05 03 04 02 03 04 06 05 03 02 03 02 04 03 03 05 05 06 01 03 01 04 01 02 03 04 04 04 08 02 02 04 04 05 04 01 05 05 07 03 03 03 09 02 01 03 03 00 03 00 05 03 04 02 01 04 05 02 03 05 06 00 02 02 03 02 03 03 01 00 01 03 06 02 05 01 02 01 04 02 
17 13 02 06 01 03 04 01 06 02 08 02 03 05 01 04 01 02 04 01 03 02 02 02 06 03 02 03 03 03 05 02 03 01 03 00 04 01 04 03 03 05 02 04 02 03 03 04 04 02 00 04 03 00 06 06 04 02 02 04 04 01 02 01 04 01 01 02 05 05 01 03 03 05 03 02 04 02 03 03 03 03 01 02 06 08 05 02 03 03 05 06 04 05 01 05 02 04 03 04 
12 23 08 09 03 04 03 02 04 02 02 08 04 05 04 01 03 03 06 05 04 04 06 03 04 02 01 03 05 03 01 03 04 05 04 03 05 01 01 01 05 00 05 03 04 04 05 06 05 02 04 02 00 07 00 04 02 02 05 06 05 03 00 08 02 01 02 02 04 06 02 02 02 02 06 03 01 02 06 01 05 00 03 01 01 03 05 04 00 04 01 07 03 02 02 06 04 01 00 03 
23 02 05 17 03 07 21 05 14 13 08 05 15 05 10 15 07 08 02 11 12 03 01 07 04 05 02 01 04 07 02 02 03 03 00 04 06 01 06 03 06 00 03 04 00 03 01 04 06 03 03 05 03 00 04 03 02 05 01 04 06 03 02 05 04 02 02 01 02 00 02 01 05 02 04 05 02 01 02 06 05 03 01 02 04 01 04 04 01 02 04 04 03 01 03 00 01 03 01 03 
22 05 08 05 13 07 06 05 02 03 08 13 05 02 03 05 06 00 01 04 13 06 16 09 08 07 12 03 00 05 03 02 05 02 03 03 05 03 03 04 04 04 01 01 02 01 00 05 06 04 06 02 04 01 05 02 03 03 03 02 01 00 05 03 01 08 03 01 06 04 03 04 01 01 04 02 02 04 01 03 05 02 02 00 06 01 01 04 04 02 05 03 03 03 05 01 01 01 03 03 
08 01 02 03 03 03 06 11 05 20 02 05 01 05 05 05 01 02 00 03 00 03 01 04 00 02 01 04 00 01 05 02 03 04 02 02 04 02 03 02 03 06 02 02 02 00 02 03 01 02 02 00 01 05 07 01 02 03 04 05 04 01 02 03 00 02 01 03 02 04 01 02 00 03 02 02 03 02 07 02 02 02 02 04 02 03 02 03 04 02 02 03 06 05 01 01 00 04 03 05 
18 13 00 03 03 04 01 02 01 01 01 03 06 01 05 01 04 03 02 03 07 02 04 03 00 01 01 05 01 03 02 03 01 04 06 02 00 03 01 03 02 01 01 03 03 00 04 04 02 04 01 03 03 01 01 01 03 05 00 06 03 05 02 02 02 03 08 02 05 02 01 07 02 04 02 04 04 05 02 02 05 03 01 05 03 05 05 00 05 04 00 01 02 03 02 03 05 01 05 03 
09 10 00 05 02 02 07 03 03 08 04 03 01 03 02 07 02 01 05 04 01 00 02 01 03 04 00 03 04 02 02 02 02 02 01 04 02 01 02 06 05 05 04 01 04 04 03 01 01 02 03 04 04 05 01 00 05 03 04 01 07 03 02 03 04 04 04 03 02 04 00 04 03 01 03 05 04 03 03 04 02 03 01 01 03 04 02 02 01 04 03 04 04 05 06 02 02 02 03 04 
11 16 04 10 05 06 03 03 05 09 06 04 04 03 02 01 02 01 02 05 08 00 04 04 03 03 06 04 03 00 04 03 02 04 04 05 02 06 05 03 03 02 00 03 03 01 03 01 02 02 00 03 03 03 03 01 01 04 01 01 04 03 01 07 02 02 06 03 04 03 02 05 06 02 03 06 03 02 02 03 04 03 00 02 06 02 04 04 04 01 02 01 02 02 06 03 03 01 01 06 
09 08 11 08 22 19 10 07 08 05 05 04 05 03 03 02 02 03 02 01 00 03 04 07 00 01 03 03 04 02 02 02 01 03 02 00 04 04 02 03 02 03 01 02 01 02 00 02 01 04 04 03 03 05 04 01 05 02 02 03 04 08 04 05 02 01 03 03 05 05 03 05 03 01 02 04 04 02 04 02 05 06 02 02 05 05 05 03 03 02 03 02 02 02 01 06 04 04 02 02 
06 06 05 00 03 02 04 03 02 00 02 05 06 04 02 00 01 01 03 00 04 04 01 03 03 02 02 01 04 05 04 05 01 00 01 02 02 06 01 03 02 03 01 02 03 01 01 01 01 01 02 02 01 04 03 00 04 00 04 02 05 03 02 00 02 04 04 03 03 04 06 06 01 02 04 04 06 00 01 02 05 01 03 02 01 02 04 03 01 01 03 01 01 02 04 04 03 02 05 03 
09 06 13 10 01 06 07 19 09 11 05 06 08 09 01 04 06 11 07 04 15 13 02 05 12 01 04 05 06 04 05 00 08 01 04 11 04 00 04 06 05 06 03 01 03 01 02 03 02 03 05 00 03 07 02 06 02 02 04 02 01 02 03 05 03 04 00 02 01 01 00 02 02 01 03 06 05 01 02 01 04 02 02 06 05 04 06 04 03 06 01 02 02 03 01 05 04 01 01 04 
18 19 04 07 10 09 10 06 07 10 06 02 05 01 08 02 02 07 01 03 02 08 04 05 03 02 04 01 00 01 01 01 03 03 01 03 06 01 02 03 02 02 01 01 01 02 04 03 03 01 05 06 03 03 02 04 02 05 02 01 03 03 03 03 02 03 03 02 01 02 03 06 03 01 01 04 00 06 03 04 03 02 01 02 00 05 04 03 01 04 03 03 01 01 00 03 03 04 02 04 
10 03 08 02 05 06 07 02 10 03 00 04 01 06 02 09 03 05 01 05 01 04 02 03 01 04 03 01 02 05 02 05 03 03 03 03 05 00 04 03 03 04 05 04 04 01 03 01 04 01 01 02 07 02 01 03 04 00 02 03 02 05 01 02 03 02 04 01 07 02 03 02 03 03 01 03 02 01 07 05 07 02 04 02 04 02 02 02 04 05 02 04 06 04 06 03 02 04 03 01 
11 02 07 01 06 03 03 06 05 03 02 01 01 02 02 01 02 03 02 04 03 04 02 03 04 05 02 02 01 03 04 01 02 04 01 03 04 04 03 03 04 04 04 00 04 01 02 02 05 02 02 00 03 02 02 04 00 03 02 01 02 04 03 03 05 01 03 01 05 03 02 02 04 08 05 03 05 01 04 01 04 08 02 03 04 04 03 00 06 03 01 01 03 00 01 01 03 03 02 04 
14 04 03 02 02 01 03 07 02 01 03 01 02 04 02 06 05 04 03 00 04 01 02 01 05 02 05 00 01 04 00 02 04 02 03 02 06 01 02 02 03 04 02 01 02 05 04 00 00 01 02 04 00 03 01 03 04 07 01 02 04 04 00 03 02 00 03 02 06 01 01 03 02 04 02 03 05 02 04 02 03 01 07 03 03 07 03 02 03 01 01 07 00 02 02 04 00 02 03 01 
25 14 04 04 05 03 08 05 03 05 03 03 00 05 00 03 03 04 02 03 02 03 02 02 00 03 01 02 03 03 00 06 02 04 05 05 03 01 04 01 01 03 01 01 02 04 06 04 02 05 00 02 02 01 02 03 02 02 04 06 04 03 01 04 04 01 03 04 01 00 04 03 01 04 03 01 03 02 02 01 03 05 02 00 07 03 05 07 01 05 04 03 04 03 06 03 04 04 03 02 
18 10 11 11 06 05 04 04 03 04 03 05 06 02 05 06 03 04 04 04 03 02 06 06 03 04 05 01 02 01 03 03 01 02 02 02 04 01 02 01 03 02 08 02 04 00 02 02 00 06 02 01 00 04 05 02 04 00 00 03 02 05 03 01 04 04 02 06 05 05 03 06 02 02 05 01 06 04 02 00 03 02 02 02 02 05 03 01 04 02 03 03 02 02 02 01 02 04 07 02 
07 12 07 04 02 07 03 05 06 01 02 04 03 02 02 03 04 05 04 03 02 00 04 04 02 01 04 04 01 04 07 01 03 03 02 03 03 04 04 03 02 02 03 07 00 01 07 05 04 01 03 03 02 05 01 04 02 03 00 04 04 00 04 00 01 04 01 03 01 03 05 03 05 03 01 06 03 02 02 05 02 02 04 03 02 04 03 06 03 03 00 02 01 02 02 05 04 01 02 01 
18 01 08 06 04 07 04 01 02 10 15 02 01 07 01 04 02 03 02 00 05 03 05 00 05 07 03 02 03 00 04 05 03 01 01 04 04 02 03 00 03 03 03 04 02 02 03 06 03 03 05 02 03 00 06 02 04 05 01 04 01 03 03 04 03 02 05 04 01 02 06 03 04 03 02 02 04 02 02 05 01 02 03 05 06 03 06 03 05 03 02 01 00 00 02 03 02 02 02 02 
11 11 32 07 01 01 05 06 09 02 02 01 02 04 00 01 07 03 03 02 01 02 05 01 05 00 01 03 02 05 02 00 00 02 00 01 04 02 02 00 01 04 05 02 04 04 05 02 02 02 01 01 00 04 04 06 01 01 01 03 03 03 05 03 06 05 03 02 04 03 01 02 02 03 05 05 04 03 03 02 01 00 03 01 05 06 02 03 03 04 02 02 02 02 05 06 04 01 02 02 
17 18 79 07 02 07 05 06 02 04 03 02 03 04 00 03 04 05 03 04 03 01 03 03 04 04 06 03 02 03 01 03 01 02 00 00 02 05 06 04 04 03 00 05 03 04 03 02 05 04 04 00 02 04 01 01 02 05 05 04 05 11 01 02 06 05 04 03 05 00 07 00 01 05 01 01 02 02 03 03 03 04 00 04 06 03 05 04 02 03 04 06 02 03 03 02 03 05 03 01 
16 02 01 05 15 24 05 07 12 03 04 03 06 07 02 02 01 03 05 03 07 04 03 04 04 05 03 01 05 06 02 01 02 03 02 01 04 02 01 03 06 01 02 01 01 02 02 07 03 05 05 03 01 05 03 03 04 00 03 02 02 05 05 03 06 01 02 05 01 01 09 01 04 04 06 02 02 05 05 03 03 02 02 06 01 02 02 02 05 04 01 01 01 03 01 04 03 04 03 02 
29 16 17 05 11 05 01 07 06 03 04 07 04 03 01 05 06 02 01 10 02 00 03 03 01 04 05 07 01 04 00 05 01 02 02 02 01 04 01 03 05 06 05 05 04 02 03 03 03 01 05 03 00 06 05 02 05 02 01 02 02 04 02 03 06 03 02 01 04 01 04 03 04 03 02 01 03 05 01 03 05 04 03 06 04 01 03 04 03 03 02 05 01 01 03 00 04 04 02 03 
16 39 51 11 06 08 05 02 03 03 02 01 02 02 06 06 03 01 03 04 06 05 04 04 04 00 02 05 03 06 03 04 03 03 04 02 04 01 02 01 03 00 02 04 02 01 03 02 03 05 04 01 03 03 02 02 02 00 03 04 04 05 01 02 03 02 05 04 04 04 00 02 04 05 04 02 04 03 03 04 06 01 03 02 04 02 04 02 03 02 02 05 04 04 02 04 02 00 01 05 
21 09 00 06 15 07 11 05 02 04 03 04 01 06 02 02 01 00 03 03 00 04 00 01 03 03 02 03 04 03 00 03 04 02 03 02 03 02 01 02 02 05 04 06 03 03 03 04 02 02 02 01 05 03 01 02 04 04 04 02 00 01 05 00 01 02 06 03 01 02 04 03 03 01 03 06 04 03 03 01 02 05 01 04 01 04 02 01 05 05 02 04 02 02 03 04 05 01 01 02 
15 05 16 09 12 03 05 03 04 04 06 04 07 03 05 06 03 05 04 02 03 02 05 06 02 02 04 05 03 03 03 01 02 00 03 01 04 03 01 08 01 02 04 06 02 04 00 03 03 01 02 00 05 03 01 04 03 03 01 02 00 07 05 03 01 05 03 02 02 02 02 02 03 03 01 03 04 03 05 03 04 04 05 04 01 02 04 04 02 05 04 02 02 01 02 01 01 03 06 01 
11 12 06 10 03 03 06 04 03 02 03 04 01 00 01 04 03 05 04 04 06 02 01 01 04 01 02 04 07 03 05 05 05 02 04 04 02 01 03 03 03 00 03 02 02 02 03 03 02 03 06 05 00 02 02 03 00 03 02 02 03 01 01 06 05 01 02 02 00 01 04 02 02 04 03 03 03 06 03 01 01 03 03 02 02 01 03 04 03 02 04 02 03 02 05 01 04 04 04 04 
04 07 10 08 06 02 04 02 02 01 06 07 02 03 02 03 04 02 03 07 02 01 08 02 07 01 03 04 04 02 00 04 02 01 05 02 03 02 03 03 06 01 01 02 01 03 02 02 00 01 02 00 00 05 03 02 02 00 04 05 03 03 04 04 06 05 02 02 00 03 05 02 02 03 02 02 04 02 04 03 01 01 05 04 03 01 03 03 04 09 02 01 03 01 01 05 05 02 02 02 
19 04 03 01 05 11 08 02 04 07 07 01 02 03 02 02 02 02 01 05 00 04 04 01 02 01 03 04 04 05 03 02 02 04 01 02 00 04 02 02 01 02 01 03 03 01 01 03 03 01 02 01 06 07 02 04 03 01 01 04 04 03 01 03 01 02 02 03 04 03 05 03 04 03 07 04 01 03 04 05 03 01 02 03 03 01 03 03 02 02 00 03 07 03 06 02 01 01 06 05 
21 04 03 17 05 03 02 06 03 02 04 01 03 05 04 03 02 01 06 02 03 02 03 03 01 01 02 05 07 03 02 00 01 05 02 02 04 04 00 04 02 03 04 07 04 01 02 01 03 01 04 03 07 02 00 01 02 03 02 02 04 04 01 03 02 06 07 02 02 05 03 01 03 04 04 02 03 01 04 03 04 02 03 02 01 03 00 04 05 01 04 01 03 01 03 02 02 02 05 04 
17 04 07 02 02 00 03 03 01 01 01 02 02 03 02 01 01 03 02 06 02 04 02 03 00 05 02 05 02 00 02 04 04 01 03 01 01 05 03 02 00 03 03 01 01 07 01 01 00 04 03 03 02 02 06 01 04 03 04 01 02 04 01 03 00 05 02 03 01 05 05 07 03 01 02 04 02 04 01 05 02 02 03 09 00 01 02 01 04 03 03 03 02 04 02 02 02 01 04 04 
21 21 10 01 06 00 00 06 05 06 02 09 06 05 09 05 04 04 03 05 02 03 04 04 02 02 02 01 04 02 02 03 05 03 00 02 03 02 02 05 04 10 01 04 04 03 02 02 03 00 02 02 03 01 01 02 07 05 01 04 00 05 02 00 05 02 06 02 02 03 04 03 00 01 02 01 03 03 04 05 02 06 02 03 02 03 03 01 04 01 00 02 03 04 02 02 02 00 03 05 
10 12 00 05 01 06 03 05 02 03 02 03 03 03 02 05 04 05 04 01 03 06 03 01 06 02 01 02 04 00 02 04 04 05 03 00 03 04 02 01 03 02 02 03 04 07 04 02 06 02 00 01 02 01 03 05 03 02 04 05 00 00 03 04 03 04 02 02 02 03 02 02 02 03 03 03 03 05 05 01 02 03 02 00 04 01 02 02 02 03 03 01 01 01 03 02 03 02 03 02 
15 15 22 06 20 10 08 06 07 06 03 05 07 03 05 06 04 01 01 02 04 02 00 00 04 01 02 05 03 03 05 01 03 02 01 03 03 03 03 05 02 02 06 02 02 03 05 04 03 02 03 05 03 04 04 04 06 03 04 03 04 04 05 03 03 01 02 04 03 04 02 04 04 00 01 06 00 09 03 07 02 05 01 03 03 06 04 03 02 05 03 02 08 02 01 03 01 02 05 02 
14 02 11 12 12 18 21 08 10 06 03 06 07 04 01 02 01 05 04 01 08 03 08 05 04 03 03 02 05 04 01 04 03 05 03 03 05 03 03 03 02 03 00 04 02 02 02 00 01 01 02 05 03 00 00 01 01 04 01 03 06 02 03 02 02 06 05 01 03 09 02 04 04 02 02 03 03 02 04 01 03 02 04 04 04 05 05 01 03 02 04 07 02 03 04 01 04 03 06 05 
