19 19 14 05 07 04 01 03 05 02 03 02 02 05 03 02 03 02 02 02 03 01 02 02 04 02 04 03 02 05 03 02 02 04 01 03 03 06 05 03 02 04 05 04 04 04 01 04 01 03 03 06 03 02 04 04 02 04 02 02 06 00 01 02 01 03 05 02 02 01 06 01 04 06 02 01 01 01 04 01 02 03 04 01 01 00 03 04 03 04 05 03 03 04 05 03 03 02 02 02 
12 17 12 10 16 15 13 11 09 05 03 02 02 02 03 03 02 03 02 05 01 04 03 03 03 05 01 02 02 03 01 01 03 01 04 02 02 02 01 04 06 02 03 03 01 01 03 03 02 03 04 02 01 01 02 03 04 07 01 02 03 02 06 02 02 05 02 03 05 02 02 00 04 01 04 03 04 01 03 04 03 01 01 05 01 01 03 03 04 02 02 02 02 02 04 04 04 02 03 06 
16 16 14 16 13 14 07 09 07 03 02 03 02 04 02 06 04 03 03 04 04 03 02 03 03 02 04 01 03 02 03 05 02 00 05 01 02 02 02 03 01 04 01 01 03 03 07 01 03 01 07 02 02 00 03 01 04 02 02 04 06 01 02 05 05 03 01 06 02 04 03 04 02 02 06 04 05 03 02 02 02 02 02 01 03 04 01 03 01 02 04 03 04 02 02 01 06 01 02 02 
11 09 05 05 03 07 02 06 04 01 01 03 02 03 02 03 06 05 03 06 02 00 02 01 02 02 03 01 03 03 02 03 02 04 02 03 05 03 02 05 03 04 02 01 02 03 06 01 01 04 03 03 04 01 06 02 07 02 02 02 01 02 05 01 01 03 01 06 02 04 03 02 06 03 02 03 01 02 03 00 01 00 03 05 03 01 01 00 02 05 03 02 00 01 04 02 03 03 04 02 
11 08 05 07 04 12 06 06 05 06 01 04 01 06 01 03 03 01 02 01 04 03 02 01 04 03 05 04 03 02 01 02 04 02 02 04 02 03 01 03 01 03 02 00 05 02 02 05 04 06 06 02 02 04 04 01 03 02 01 01 02 04 05 03 03 03 02 02 02 04 07 02 01 01 01 04 04 08 02 01 02 05 03 02 04 01 02 03 02 01 04 04 03 06 01 02 01 02 03 03 
17 14 20 14 17 20 16 15 09 07 08 08 09 02 03 02 06 02 01 03 02 06 05 04 05 02 03 03 03 03 04 03 04 05 03 04 02 05 03 01 05 01 02 01 00 05 05 03 03 06 06 02 06 02 02 02 04 01 04 01 03 03 04 05 03 04 04 03 03 04 03 05 03 03 03 02 05 04 02 06 03 04 00 00 04 07 02 03 02 02 05 04 01 03 05 04 05 02 03 00 
17 09 12 08 06 07 13 07 03 06 08 02 01 03 02 03 01 00 04 02 01 00 01 02 05 01 01 05 03 01 03 02 02 02 02 00 03 01 02 02 04 01 05 02 00 02 00 02 01 03 00 04 03 06 01 04 01 02 04 04 04 03 03 02 02 01 04 02 02 03 03 01 02 04 02 02 01 01 03 04 03 02 02 04 06 03 02 03 01 00 03 03 02 03 02 02 04 05 01 03 
12 09 04 11 12 09 05 02 03 03 03 03 02 03 04 04 01 04 04 00 03 07 04 04 04 02 02 04 02 03 06 03 03 03 04 04 05 02 05 01 02 01 04 02 02 04 07 03 05 03 02 05 00 03 03 01 04 02 02 00 01 03 03 03 04 04 02 02 02 02 03 04 04 02 00 01 00 03 02 01 02 00 07 03 04 05 01 03 05 02 02 03 02 04 01 01 00 03 02 03 
20 22 13 06 10 13 12 09 04 04 03 01 02 07 02 03 05 03 06 01 03 04 03 03 04 04 04 04 04 02 03 01 04 02 05 02 03 02 04 03 01 02 03 00 03 01 02 05 05 04 03 03 03 01 03 06 02 02 03 04 02 04 04 03 02 05 03 02 03 05 01 02 01 01 05 02 05 03 02 01 02 05 02 02 02 04 03 02 04 01 03 04 06 00 04 02 01 02 03 00 
13 10 14 13 18 07 09 14 10 10 09 10 09 01 02 05 07 03 00 03 03 02 04 02 03 01 03 04 02 02 02 02 02 01 04 04 00 01 01 04 02 06 02 00 01 03 04 06 04 03 03 03 01 04 05 02 02 01 05 03 05 05 05 02 05 02 03 04 04 01 02 03 06 03 02 03 03 04 02 03 04 03 03 04 02 04 04 01 04 02 02 01 01 02 02 01 01 03 01 01 
19 11 04 14 10 06 04 07 06 06 03 03 03 02 04 02 04 04 05 05 01 03 06 03 03 06 05 04 05 01 04 05 00 04 01 03 02 03 03 03 02 02 04 07 04 04 04 02 00 04 03 05 04 04 03 01 01 05 03 02 03 03 03 03 03 04 05 07 05 02 02 02 06 02 02 01 02 01 03 01 03 04 05 07 04 03 02 02 04 04 04 04 05 04 04 03 01 04 03 02 
12 13 16 14 09 15 17 09 12 06 06 06 03 02 06 04 04 03 02 04 01 02 05 02 02 01 03 02 00 04 05 03 00 04 04 04 02 04 02 02 02 05 03 05 01 04 03 02 01 02 03 03 02 05 03 05 04 00 04 01 08 01 03 06 04 05 04 05 02 03 03 03 01 02 03 01 04 02 02 04 01 03 03 02 03 04 03 02 01 03 04 04 04 04 02 00 01 03 05 04 
08 18 15 04 11 09 06 07 04 02 03 01 04 04 02 02 06 02 06 06 04 02 05 05 07 04 03 01 05 02 02 02 01 04 00 00 01 02 04 04 02 03 05 02 03 02 01 02 02 03 03 03 03 03 02 04 02 03 06 02 01 02 04 02 03 02 02 05 03 03 03 05 06 02 01 03 03 03 04 03 03 03 04 05 02 06 03 03 02 00 02 03 01 01 01 04 02 03 03 07 
10 12 16 14 15 09 12 11 15 05 02 02 06 05 03 01 05 01 03 02 02 04 01 06 02 04 02 01 02 03 02 02 01 05 05 07 01 03 04 04 03 01 04 05 03 06 05 01 02 01 02 02 04 01 03 01 01 00 06 01 04 03 04 01 01 03 03 05 04 03 02 01 02 01 04 04 02 03 03 03 03 03 05 02 02 04 02 02 05 01 03 03 05 01 04 02 07 02 02 06 
15 12 11 05 05 04 03 01 03 07 03 05 06 02 02 04 03 03 00 03 06 05 03 05 04 01 05 01 03 05 01 05 04 07 05 03 03 05 01 02 03 04 02 01 02 02 03 02 04 00 03 06 03 03 03 03 03 01 03 03 03 02 03 02 02 04 03 03 03 04 00 02 02 04 03 03 01 02 01 01 02 05 03 02 03 03 05 04 05 03 04 04 03 03 02 02 02 02 04 03 
09 18 14 14 16 17 14 17 08 07 17 08 09 14 13 07 12 05 06 05 05 00 05 03 02 03 03 04 06 04 05 02 05 03 00 03 03 03 05 05 04 03 07 04 00 05 02 03 05 05 03 04 02 02 01 03 07 04 06 02 06 04 04 03 02 05 03 04 02 03 01 05 01 01 04 06 02 01 03 00 00 03 03 02 03 05 04 01 02 03 02 01 03 00 03 03 00 03 03 01 
15 13 16 05 04 06 08 03 02 03 06 04 02 03 03 05 03 03 03 04 04 02 02 02 00 03 04 05 01 02 02 02 03 02 04 05 03 02 03 03 03 06 01 05 02 06 04 02 04 02 01 02 01 01 02 02 01 05 02 02 03 01 03 01 01 04 03 04 00 03 04 03 04 04 01 01 03 01 03 03 04 01 05 04 02 02 04 02 02 04 04 04 01 03 03 04 03 02 01 01 
15 09 13 08 04 07 05 04 02 08 02 01 04 01 01 01 05 03 04 04 03 03 00 03 03 04 02 02 03 01 02 04 05 03 04 04 02 03 05 07 04 06 03 03 02 02 02 02 03 01 05 03 02 05 02 03 03 04 02 05 03 00 02 00 06 02 00 01 01 04 02 01 02 03 03 04 03 04 02 04 02 01 05 04 02 01 04 06 02 01 05 02 02 03 02 02 01 03 02 03 
13 15 16 19 11 12 16 10 10 12 16 09 08 11 07 06 04 04 04 02 04 03 03 04 02 01 02 02 00 02 03 03 02 02 03 03 01 06 03 03 02 02 03 00 02 02 02 03 03 00 03 03 02 05 05 04 02 02 02 03 01 02 04 01 01 08 02 01 01 02 02 01 02 03 05 04 01 01 00 01 01 00 03 01 04 01 04 03 06 03 03 03 02 09 03 01 04 05 03 04 
07 10 11 13 12 16 13 10 07 10 08 08 04 05 02 05 03 06 10 00 06 03 02 03 01 05 03 06 02 02 02 01 05 03 00 04 03 02 02 03 00 02 03 02 02 03 03 04 03 02 02 01 02 04 02 02 02 04 04 03 02 04 02 03 01 00 04 03 03 03 01 02 02 02 04 05 02 02 05 02 04 02 03 03 03 04 00 07 02 03 02 03 04 02 01 04 02 02 02 02 
15 16 09 12 14 17 17 09 15 15 09 09 08 16 11 09 09 03 03 00 05 02 02 05 02 06 01 02 03 03 04 00 06 04 04 03 03 02 02 04 01 02 02 02 03 06 03 02 04 02 00 02 02 04 04 02 03 05 01 03 04 04 00 04 03 02 02 02 05 04 06 02 04 02 05 03 05 02 07 02 02 05 02 02 03 05 05 00 04 04 04 05 03 02 03 03 03 01 04 06 
08 04 06 05 05 04 02 02 03 03 03 05 03 03 03 02 01 03 02 01 05 04 06 01 07 02 01 01 00 04 01 03 01 01 04 01 00 04 01 04 04 02 05 02 04 03 00 03 01 02 03 01 04 06 03 02 04 03 00 00 02 01 02 02 00 04 03 01 05 02 04 01 03 00 02 02 01 02 05 02 01 03 03 02 03 02 02 04 03 03 03 01 05 01 01 04 01 02 00 03 
16 18 16 10 14 12 09 12 16 19 18 12 07 08 05 02 02 02 03 02 01 04 03 02 03 03 03 03 06 03 02 02 03 02 00 00 04 01 01 02 02 01 06 04 05 01 04 05 03 01 02 03 06 04 03 03 04 01 02 02 01 02 03 03 02 04 01 02 03 02 03 02 05 03 01 01 03 04 05 03 03 03 01 02 02 06 02 03 03 04 03 03 01 03 04 00 04 02 04 01 
10 16 15 19 19 14 11 10 18 14 10 15 17 11 10 13 09 11 10 07 09 08 07 05 06 07 03 00 03 02 04 05 05 04 04 02 03 03 05 04 05 04 05 04 00 02 03 03 04 04 04 01 04 04 04 01 03 04 02 05 03 05 04 03 03 03 03 01 01 01 03 01 04 02 03 03 00 06 03 05 02 02 00 06 03 05 05 04 02 03 01 03 02 03 01 03 04 04 03 03 
10 15 20 11 06 14 09 09 06 07 04 06 01 02 04 01 03 05 06 03 03 05 02 02 01 05 04 03 03 02 01 03 01 05 01 03 02 02 02 02 03 05 03 03 05 03 04 04 05 06 05 05 04 02 02 03 05 01 01 03 01 04 03 03 05 01 03 03 02 02 01 04 04 02 01 03 03 06 05 04 03 04 05 02 04 03 02 01 04 04 04 02 04 04 04 05 02 04 02 02 
12 09 10 02 06 04 02 05 01 04 02 05 02 01 03 02 06 03 05 01 03 00 03 03 01 02 02 04 03 04 03 01 03 02 04 03 01 02 00 01 02 05 02 03 04 05 04 05 04 00 07 02 03 01 02 01 05 04 04 01 01 05 03 02 01 03 04 02 03 04 02 03 02 04 04 05 02 03 03 05 03 02 01 01 04 03 05 02 07 02 03 03 04 02 04 01 04 08 03 02 
10 17 09 09 12 17 14 08 05 06 01 05 03 03 03 01 00 02 03 04 04 03 04 04 02 02 02 04 02 01 04 03 03 02 01 01 04 04 05 05 04 01 00 00 03 02 03 03 02 03 02 01 01 05 05 06 04 02 03 01 04 03 04 04 05 03 04 03 01 02 01 03 03 03 04 07 05 02 03 02 05 01 03 01 03 04 03 02 03 03 04 02 02 02 04 05 03 04 02 07 
11 05 12 08 15 07 13 13 05 06 04 04 04 03 02 04 01 03 02 05 02 04 01 03 05 03 03 01 03 00 05 02 02 01 03 01 01 01 04 03 05 04 03 02 05 01 02 02 04 04 04 04 04 05 03 03 01 03 01 03 04 04 05 02 01 02 03 00 03 02 03 03 01 02 03 00 00 02 01 02 01 00 04 03 01 03 04 02 02 03 01 04 01 03 02 05 05 04 03 00 
18 11 12 11 11 08 05 01 03 01 00 02 01 05 03 01 03 02 02 04 00 03 00 02 03 03 02 01 05 00 02 02 04 07 10 01 01 04 03 01 03 03 06 04 02 03 05 02 00 03 01 02 01 04 03 02 02 04 04 03 01 04 06 01 02 03 03 03 03 01 03 02 01 01 02 02 02 01 04 04 05 06 04 06 01 02 04 04 03 04 04 00 03 02 03 04 02 05 01 04 
16 15 13 18 10 03 09 08 03 06 04 01 03 01 03 05 05 02 03 05 03 02 01 04 03 04 03 03 03 04 02 06 01 04 02 01 02 00 02 05 02 02 04 02 05 06 07 02 01 02 01 01 03 03 04 03 03 00 05 05 03 04 02 02 06 01 07 04 03 03 01 01 01 02 01 04 01 04 05 02 03 01 04 03 03 01 03 01 05 03 01 01 01 00 00 05 01 04 03 02 
10 02 01 01 03 04 04 02 00 03 06 04 00 02 02 02 03 03 01 01 02 04 04 02 02 00 01 03 01 02 02 04 01 03 04 01 02 06 00 04 02 01 00 06 05 04 02 02 08 04 02 02 02 04 01 03 04 04 04 05 03 02 01 04 03 04 04 03 02 03 02 01 04 02 05 05 04 03 01 03 03 00 01 01 02 06 01 01 03 03 00 02 02 03 06 07 04 05 04 03 
15 17 04 24 14 10 13 14 12 07 07 01 02 00 04 02 02 07 02 01 03 03 02 03 05 03 03 04 04 02 03 02 03 05 01 02 01 02 06 04 00 04 05 06 04 05 03 02 05 04 03 04 01 02 06 04 00 01 03 03 02 03 01 01 01 02 05 04 05 02 00 02 03 02 01 02 03 01 01 04 01 06 03 04 02 02 05 01 01 03 02 03 05 04 02 04 02 02 02 07 
18 18 04 09 09 06 09 02 03 02 06 03 05 03 05 02 05 04 02 01 04 03 04 04 06 02 01 05 04 03 04 04 03 03 03 01 05 03 01 03 02 02 03 04 03 02 03 03 02 01 01 04 05 04 01 04 01 02 01 01 01 04 03 03 03 03 03 01 02 03 05 01 03 01 02 03 04 04 02 01 05 02 03 01 03 04 05 01 06 01 02 04 01 02 06 02 04 03 02 01 
14 21 22 18 12 10 16 06 08 12 07 07 07 05 03 04 02 04 01 03 02 05 02 03 04 02 07 03 05 03 04 02 01 02 03 01 02 03 02 02 03 02 01 03 01 03 04 05 03 03 06 02 02 01 01 02 06 07 02 03 02 02 06 02 02 03 01 03 02 03 02 02 02 05 04 05 00 03 04 04 04 03 01 04 03 06 04 01 02 01 01 01 04 03 03 02 02 02 00 04 
05 03 12 10 03 02 04 06 06 03 05 04 01 05 01 03 02 01 01 01 02 01 02 06 02 01 01 03 02 03 00 03 03 01 02 04 01 04 01 02 01 03 00 02 02 01 02 01 03 02 05 02 04 06 01 02 02 04 05 03 04 01 00 03 05 05 03 02 03 05 02 02 02 03 03 05 01 05 02 02 00 02 01 03 04 04 01 03 05 03 02 02 04 01 02 03 04 00 03 02 
09 05 14 11 04 06 01 04 04 02 03 02 03 05 03 02 02 03 05 03 02 01 02 06 01 04 01 02 05 03 01 04 03 03 03 02 03 02 01 04 03 03 02 02 04 02 02 03 06 02 03 05 01 02 06 03 07 02 04 03 03 03 05 01 03 06 00 04 04 04 04 02 03 01 01 03 01 01 02 02 03 04 01 03 03 03 03 03 06 02 03 03 01 01 02 04 06 05 04 02 
14 17 12 10 17 06 06 08 04 03 03 03 03 01 02 00 02 00 01 03 01 02 02 00 03 04 02 01 04 04 03 01 02 00 01 04 03 02 02 02 04 07 06 03 04 02 03 02 04 03 02 00 03 03 04 04 01 04 02 07 04 04 02 03 01 05 04 04 07 02 01 04 02 03 04 01 01 01 03 01 02 05 03 05 01 00 05 02 02 01 01 02 02 07 05 03 02 03 01 04 
14 18 16 15 07 04 12 05 02 03 02 01 01 03 02 08 04 02 05 04 00 06 00 04 01 04 04 02 04 05 03 03 05 06 02 03 06 03 04 01 03 03 01 01 05 01 01 02 03 03 04 02 03 08 01 02 05 03 04 02 03 04 03 06 03 05 02 03 03 02 02 02 00 02 03 05 02 07 05 02 05 00 03 02 03 03 06 03 04 00 01 02 00 05 02 02 04 02 03 00 
15 20 13 07 21 12 17 13 11 11 11 07 03 03 05 02 01 00 02 02 04 01 02 05 03 04 05 01 03 01 02 06 02 04 02 04 05 03 00 03 01 03 03 03 02 03 04 02 02 02 06 03 03 05 02 02 05 02 07 02 02 04 02 05 02 01 06 02 02 05 03 02 03 02 04 02 03 02 04 04 03 03 03 05 00 07 02 00 01 02 05 03 01 04 05 03 03 03 05 02 
05 05 05 04 04 03 02 04 03 04 04 02 01 04 02 04 03 03 02 02 02 01 07 05 03 04 02 02 02 00 02 04 03 05 03 03 03 00 02 04 00 01 02 04 01 03 05 02 01 01 05 03 03 02 04 01 04 06 03 04 03 03 04 01 04 01 05 00 02 02 02 04 02 03 03 02 02 05 02 01 04 06 02 05 03 04 03 00 01 05 03 04 01 04 01 03 01 00 01 07 
14 15 12 19 15 14 12 04 08 10 11 09 04 04 01 04 05 05 07 05 05 03 02 04 03 03 03 04 02 04 04 04 01 02 02 03 06 01 01 02 02 02 02 03 00 00 03 00 00 03 05 02 06 04 03 03 01 03 03 01 01 02 03 04 05 04 05 01 03 05 01 08 02 02 05 00 00 04 04 01 02 04 01 02 05 04 04 05 01 02 04 05 07 03 03 06 03 01 04 01 
10 06 13 15 07 11 14 11 08 06 02 05 06 05 04 02 02 04 03 03 01 05 04 01 05 03 03 02 02 03 03 04 03 03 04 05 04 03 05 02 03 05 04 06 05 03 05 03 02 02 03 03 01 02 04 02 03 04 00 05 01 01 08 02 03 04 03 03 03 01 06 00 04 04 03 04 02 08 04 02 01 02 07 02 02 03 04 04 05 01 02 01 02 04 03 03 02 02 03 00 
10 08 02 05 08 05 04 02 09 02 05 05 02 01 04 05 02 03 08 03 04 04 04 02 07 02 03 00 01 02 01 02 03 03 02 02 03 01 01 05 03 01 05 02 05 03 03 05 02 00 03 02 02 02 04 06 04 03 02 07 01 01 05 01 02 02 03 06 03 00 00 04 01 03 02 02 02 03 01 01 02 03 04 05 02 03 03 05 02 05 07 00 04 00 00 01 03 03 03 03 
09 15 14 12 10 17 14 17 08 09 09 05 05 04 03 02 02 03 00 06 00 01 02 03 03 03 06 02 03 01 02 03 01 04 00 02 04 03 02 02 02 03 03 04 02 03 02 08 04 05 05 02 05 01 02 02 04 03 05 05 02 00 01 04 02 02 01 02 01 02 01 04 03 04 03 04 02 04 02 03 04 04 03 02 05 01 04 05 01 02 03 02 04 03 02 02 01 02 01 04 
11 15 10 10 04 14 06 09 04 03 05 02 01 04 03 03 02 03 02 02 04 01 04 04 03 06 04 04 05 04 04 06 04 01 02 01 05 01 01 05 03 02 04 02 02 01 03 01 02 04 00 04 03 05 01 02 03 00 02 06 02 02 01 04 03 03 03 04 02 05 01 05 05 04 02 02 03 02 03 06 06 01 07 01 04 03 02 02 04 05 04 05 06 02 03 00 01 02 06 04 
14 11 12 18 12 09 03 04 04 01 07 03 02 04 01 04 03 03 05 03 03 03 03 02 04 02 02 03 03 05 04 03 01 00 01 04 00 03 02 01 06 01 03 04 03 02 03 03 04 02 03 05 03 03 02 03 03 02 06 01 03 01 03 03 01 03 02 00 01 00 01 02 04 02 04 02 00 01 04 05 05 03 02 05 02 03 00 03 03 01 01 01 02 05 03 04 01 03 02 02 
14 13 12 12 10 13 08 17 16 18 13 14 17 09 04 08 08 03 02 07 03 06 01 05 01 02 02 06 02 03 01 04 05 04 02 03 02 04 03 03 01 02 04 05 03 04 04 05 02 02 02 03 02 02 02 02 01 00 02 03 02 04 02 04 01 00 01 03 02 03 02 04 04 05 03 03 03 03 01 01 01 02 03 02 02 01 02 04 02 01 04 02 02 02 03 02 04 03 06 05 
11 03 08 03 12 05 06 03 03 05 01 03 01 03 05 01 01 03 03 01 00 02 03 02 01 05 02 01 03 05 04 03 04 02 02 02 02 02 03 01 02 01 04 02 00 04 01 05 03 04 03 02 02 04 01 02 03 00 03 03 06 02 00 06 04 02 04 03 03 02 01 05 02 03 04 00 02 06 03 02 01 02 06 04 03 03 00 04 06 02 01 02 07 01 03 02 05 02 06 01 
10 19 14 19 07 10 11 08 11 13 08 07 05 04 03 03 04 02 02 02 02 02 03 03 01 03 01 03 07 03 04 05 02 04 04 03 02 02 01 03 02 04 04 01 03 05 02 01 02 00 05 02 05 03 02 02 03 04 03 01 02 05 06 04 02 05 03 04 06 03 00 02 02 04 04 05 03 03 04 02 03 05 03 05 02 04 01 01 01 03 03 02 03 01 01 01 01 04 02 02 
12 06 08 05 04 10 08 09 10 09 03 02 01 04 03 03 02 02 04 04 05 03 04 06 05 03 03 03 01 02 00 04 03 03 02 03 02 05 05 02 02 02 04 04 03 02 01 02 01 02 04 02 04 01 04 02 04 04 03 03 03 02 03 05 02 03 06 03 02 01 04 00 03 03 02 03 01 02 03 02 04 01 00 01 01 02 01 02 04 04 02 01 02 02 01 04 02 04 02 02 
11 13 08 16 08 24 08 16 11 16 12 01 09 10 07 03 03 01 02 03 02 01 00 02 02 01 03 03 01 02 00 02 01 05 00 01 02 06 04 03 04 04 04 02 02 02 02 05 01 01 03 06 04 04 03 03 01 05 02 06 03 06 05 01 04 01 01 01 03 01 06 02 03 02 03 05 04 04 03 03 03 03 02 03 02 06 01 01 01 04 03 01 00 02 01 02 01 05 01 02 
13 09 10 06 13 20 12 12 08 10 10 03 06 08 04 02 04 02 05 04 03 01 02 03 04 03 04 02 08 03 03 02 03 03 02 02 04 04 04 03 03 03 02 05 03 03 02 04 03 02 02 02 03 02 03 03 03 01 05 01 03 00 04 01 04 04 04 00 02 01 05 05 09 02 05 05 05 03 03 03 02 06 03 02 05 03 02 02 01 02 01 02 03 04 01 04 01 03 02 02 
20 13 15 16 10 06 16 19 11 13 13 07 18 06 04 03 01 03 03 02 01 03 05 00 03 00 02 02 03 02 03 04 02 01 01 06 04 03 02 02 05 04 03 02 03 02 00 03 04 03 05 01 03 03 03 03 02 03 06 01 02 06 03 06 04 06 02 02 04 04 03 03 02 04 06 02 04 05 04 04 03 04 03 02 02 02 02 04 02 02 04 02 05 02 03 02 02 01 02 04 
16 17 15 13 03 02 02 02 07 03 01 04 05 03 02 02 05 02 02 01 07 05 03 05 00 02 05 01 05 04 03 04 05 03 04 04 03 03 04 03 00 01 02 02 01 00 04 02 03 02 03 03 05 02 02 05 01 03 02 03 03 03 03 03 00 02 01 01 03 03 01 06 04 01 06 03 05 01 02 03 00 01 04 05 02 02 03 02 00 02 01 01 02 02 03 02 04 04 04 03 
17 02 15 12 05 10 12 07 07 09 03 03 03 04 04 03 04 02 02 00 07 02 04 02 02 06 03 02 02 02 04 01 03 02 05 02 01 02 02 02 02 04 05 01 01 06 06 05 03 03 02 01 04 02 05 04 03 02 01 05 01 04 05 02 04 02 02 03 02 03 01 02 03 05 02 03 05 02 04 04 02 05 03 04 02 01 04 02 05 05 02 01 01 03 03 02 03 02 03 04 
14 20 13 07 05 07 06 04 06 06 06 10 05 04 05 03 03 07 00 01 01 03 02 05 04 02 05 01 03 02 02 04 02 05 03 01 01 04 03 04 01 02 05 01 02 00 01 05 05 04 01 03 01 06 01 04 03 02 04 01 02 01 03 03 03 03 06 02 00 02 02 02 02 01 04 03 04 00 03 04 01 04 05 04 02 01 04 01 01 02 05 01 01 00 03 03 02 02 03 03 
19 12 09 12 06 04 13 09 07 03 03 05 07 02 03 01 03 03 04 02 04 02 03 03 02 07 03 05 04 02 00 03 02 03 03 04 02 03 03 02 05 05 01 05 03 03 02 02 01 02 03 06 04 02 05 02 03 03 02 04 01 03 03 07 04 00 03 02 04 04 01 01 02 03 03 05 05 04 03 03 02 03 04 03 02 02 05 02 03 00 04 01 01 03 03 03 02 01 02 02 
11 17 11 11 10 03 04 07 06 05 06 07 07 04 09 02 02 03 06 05 03 05 04 03 02 06 01 03 02 03 01 04 02 06 02 04 05 04 01 03 06 03 01 06 05 05 03 02 03 02 04 03 02 02 04 02 03 03 02 05 03 05 05 02 02 08 05 03 02 02 02 04 00 01 05 01 04 01 02 04 03 04 01 04 05 01 01 02 03 02 02 01 04 05 02 03 04 02 05 02 
15 12 06 09 03 03 02 11 12 06 05 03 03 07 02 01 03 02 04 05 05 02 04 03 04 01 04 03 03 00 03 01 04 02 01 06 03 03 05 00 06 03 03 04 03 04 03 01 00 01 01 03 01 02 02 05 02 06 01 01 04 04 04 01 04 01 02 07 01 03 02 07 02 02 03 04 00 03 03 02 01 02 03 05 06 04 03 03 03 05 03 01 05 03 01 01 01 03 03 06 
12 18 10 14 09 11 06 07 13 04 05 07 01 01 04 05 03 03 05 05 01 04 03 02 01 02 00 05 04 04 03 02 06 02 00 04 01 01 05 02 02 04 02 02 03 03 04 03 03 02 04 02 04 01 04 01 03 00 00 02 01 04 02 02 01 05 02 03 03 02 01 02 04 01 03 04 06 02 00 02 02 02 02 03 03 00 04 02 03 02 02 02 05 04 03 02 01 01 03 02 
14 13 13 22 07 08 11 07 06 08 01 03 04 03 03 04 01 02 04 03 02 04 04 04 04 01 03 02 04 03 01 01 03 05 03 03 01 04 02 03 04 01 03 01 03 03 04 03 02 02 06 04 02 02 05 01 02 04 00 02 06 04 04 04 03 01 01 01 04 03 05 01 04 02 03 00 01 02 04 04 03 03 05 04 06 01 03 02 02 04 03 04 03 05 04 01 04 04 03 03 
15 10 04 06 03 04 11 02 00 04 03 02 01 04 01 05 04 03 02 05 02 03 03 03 04 02 05 01 01 02 03 02 03 04 02 04 03 05 04 04 01 02 01 02 02 10 05 03 03 02 02 05 05 02 02 01 03 01 02 03 03 04 01 05 04 01 01 05 01 03 01 04 05 00 01 02 02 02 03 04 04 03 05 04 03 03 02 03 02 03 01 05 05 00 00 07 03 04 05 02 
13 15 15 10 10 09 02 08 08 08 09 04 05 03 02 04 03 02 02 01 03 02 05 01 03 02 01 00 04 02 02 00 00 03 05 02 02 02 02 03 04 02 01 01 05 02 00 04 04 03 06 00 01 02 05 03 04 01 03 02 04 07 03 03 01 03 02 04 05 03 02 05 03 02 02 04 01 02 05 01 07 02 01 04 02 01 01 01 03 03 02 05 03 00 03 03 02 03 02 03 
17 09 16 15 11 04 13 05 05 07 06 05 03 02 02 02 07 07 01 04 05 05 03 02 03 05 03 03 03 04 04 04 04 02 04 03 04 03 03 02 03 03 04 00 04 06 05 04 03 02 03 05 01 03 01 03 03 01 03 02 05 06 04 04 03 04 02 03 06 04 04 05 02 03 01 02 02 02 01 02 05 03 05 03 05 02 02 01 01 03 04 03 04 02 04 04 01 03 04 04 
18 17 17 17 10 11 11 14 06 12 06 04 03 04 03 03 03 04 05 02 02 04 02 02 06 02 01 07 03 02 02 03 02 02 03 05 04 03 03 02 02 01 02 02 05 03 05 03 02 04 04 01 04 01 04 02 06 02 02 03 04 00 02 03 03 03 00 03 01 01 04 04 04 04 03 04 03 02 01 01 01 05 05 02 03 03 03 03 02 02 01 01 02 04 08 03 04 04 02 02 
17 12 05 09 11 12 11 06 07 05 03 08 05 02 03 03 05 02 00 02 02 03 02 00 02 02 02 03 01 03 00 03 02 01 02 02 06 03 02 01 06 03 03 02 02 00 02 03 05 01 05 05 02 04 05 04 05 04 02 02 01 03 03 04 07 04 07 00 03 03 05 02 05 05 01 00 02 04 05 03 02 02 04 02 04 05 04 06 02 02 03 02 06 01 02 03 04 02 02 03 
17 15 11 05 14 13 07 16 12 05 06 01 03 05 03 02 05 01 03 03 03 05 04 02 01 01 02 02 03 03 02 01 04 03 04 03 02 05 04 01 03 04 05 02 01 01 02 02 01 00 04 03 02 01 01 02 00 04 05 05 04 02 03 00 02 05 04 02 01 04 02 02 03 03 02 04 04 01 02 03 03 01 03 02 00 06 02 02 03 02 02 03 05 02 01 03 03 00 01 01 
16 24 13 17 10 10 08 14 10 09 06 05 04 01 01 04 05 03 04 00 03 04 02 01 04 01 04 05 01 03 03 04 06 04 03 03 02 03 03 02 02 02 00 04 04 02 05 05 05 01 04 04 04 03 01 05 02 03 04 04 03 03 03 00 02 01 03 03 04 01 06 03 05 04 01 02 04 04 01 01 03 04 06 02 03 02 04 03 02 03 04 05 03 04 03 01 01 02 01 01 
12 19 10 15 13 07 05 16 09 03 04 04 03 07 04 03 03 03 00 06 03 02 04 02 01 05 04 04 02 03 05 02 02 04 03 02 03 01 04 02 05 03 01 04 03 02 03 02 01 03 00 03 03 03 03 02 04 03 03 04 02 04 05 01 03 04 03 03 04 03 00 01 04 02 04 01 03 03 04 03 04 01 04 01 02 01 02 01 01 02 03 04 04 02 01 05 02 02 01 01 
06 10 15 07 02 05 03 03 05 08 08 08 09 05 10 06 04 04 03 03 01 03 00 00 02 03 02 03 03 02 02 03 03 00 04 03 05 03 03 02 01 03 01 02 03 02 04 03 05 05 00 05 01 02 04 02 01 03 02 01 03 02 02 04 03 02 02 01 03 03 01 03 06 01 03 01 03 06 05 02 00 01 04 02 04 01 04 02 02 06 02 02 01 05 05 03 07 05 03 01 
10 12 15 09 02 07 13 07 06 09 06 07 04 03 04 01 00 02 01 02 01 03 04 04 04 02 05 02 01 04 03 03 03 04 04 01 06 05 02 04 01 00 04 03 05 06 04 07 03 01 04 01 00 02 03 03 01 04 02 05 03 03 01 02 06 02 01 06 03 03 01 04 05 02 07 03 04 06 02 00 05 03 02 03 02 04 03 02 05 03 03 03 02 05 05 02 05 02 02 00 
11 18 10 08 03 09 07 10 04 03 03 03 01 06 02 06 01 03 04 04 04 02 04 04 00 03 03 03 02 01 04 00 03 03 02 05 04 05 05 02 02 02 05 04 02 04 02 00 03 00 05 02 02 03 03 04 00 03 01 03 02 05 05 06 03 04 02 00 02 03 03 02 03 00 02 04 02 02 02 02 04 05 02 00 01 01 04 02 06 03 00 03 02 06 05 05 03 00 04 04 
15 15 11 17 16 05 06 03 05 05 07 06 04 04 01 03 05 04 01 05 04 02 02 01 05 04 02 04 06 02 05 04 04 02 03 04 05 02 02 02 02 05 02 00 03 02 01 05 02 01 01 01 04 03 03 03 04 05 05 02 01 03 01 04 03 03 02 06 03 02 02 01 02 01 06 04 03 03 02 05 00 02 02 03 05 03 02 06 03 02 04 03 02 04 04 02 02 02 07 02 
10 02 06 13 09 14 04 01 03 02 05 06 06 06 03 05 00 05 03 06 02 03 02 02 03 05 02 02 06 02 03 04 04 04 01 03 03 00 03 01 03 01 02 05 00 02 00 01 05 02 02 08 06 04 03 03 03 04 05 02 03 03 06 05 01 02 03 03 04 01 03 04 03 03 00 01 01 03 02 04 04 03 03 03 02 03 02 00 01 04 02 04 02 02 04 02 01 02 03 02 
17 18 08 15 16 13 09 10 06 05 03 05 02 01 03 04 04 02 04 04 00 03 05 01 04 02 03 04 02 05 03 02 02 05 03 03 02 04 03 01 03 03 01 02 04 02 02 02 01 01 02 03 05 01 01 03 03 01 04 03 02 03 03 02 02 04 02 04 02 01 02 04 05 04 04 01 01 03 04 01 00 04 04 01 01 02 03 03 04 03 03 04 02 04 05 02 02 02 02 05 
10 15 08 15 15 13 15 10 17 14 11 09 03 05 04 07 05 03 02 03 05 03 03 02 02 03 04 02 01 02 03 03 01 05 00 03 01 04 04 03 02 03 01 00 03 06 02 03 07 02 02 03 04 02 04 03 01 04 04 02 02 06 02 05 00 05 03 05 01 06 02 02 02 01 03 02 03 04 03 02 03 03 04 01 07 03 03 04 01 03 01 05 01 03 02 05 01 06 02 03 
15 21 13 09 08 07 07 07 10 06 03 05 03 04 03 03 02 03 03 02 01 04 04 01 05 01 01 01 06 04 00 01 03 03 03 02 04 03 00 05 01 05 01 02 02 03 01 02 00 06 00 05 06 04 02 06 04 03 05 00 03 03 04 04 02 04 02 01 01 02 04 05 05 04 03 03 01 03 03 03 02 05 00 02 08 06 04 01 05 03 04 04 03 03 03 03 05 04 04 05 
12 12 08 07 05 07 04 07 06 03 11 04 03 05 03 01 01 03 05 03 04 04 03 03 01 03 01 04 02 04 02 01 02 03 03 03 06 04 04 01 04 05 02 03 05 05 04 04 03 01 00 03 02 05 03 04 01 02 04 02 04 03 03 08 04 03 07 03 01 05 04 05 03 02 03 04 02 06 04 05 04 03 04 04 01 02 02 04 02 02 03 02 01 01 03 01 01 03 02 05 
14 12 17 11 04 08 05 04 01 02 02 02 02 03 01 07 04 07 03 04 04 01 04 01 04 01 01 05 04 04 02 01 03 04 04 02 04 02 01 05 05 01 03 03 04 02 02 04 04 05 04 04 04 03 01 02 00 03 01 05 02 03 02 05 02 00 02 03 04 03 03 02 01 04 03 05 02 04 02 03 02 04 05 03 05 03 02 03 01 04 05 03 03 02 03 03 01 03 04 04 
23 16 15 10 12 00 05 09 06 02 03 00 03 00 01 03 01 03 05 02 07 02 03 04 07 02 03 05 02 04 02 02 06 02 06 02 05 01 07 05 03 04 01 04 03 03 03 01 03 03 01 03 04 02 04 02 04 03 02 05 07 04 02 01 03 03 02 06 05 01 01 04 01 01 01 04 04 03 01 04 00 02 05 04 01 03 06 01 03 05 02 06 03 02 03 04 03 06 05 01 
15 13 11 13 11 11 05 08 07 07 02 01 03 04 03 05 03 04 01 03 04 03 04 04 06 01 03 03 04 07 03 03 02 02 04 02 05 04 03 03 06 03 05 01 06 00 03 02 01 04 03 04 06 05 03 04 01 02 03 00 03 02 02 01 04 02 05 01 03 02 03 03 02 01 03 05 04 02 02 02 04 03 03 03 02 01 02 02 03 01 01 02 03 05 02 03 01 03 03 05 
11 17 16 11 15 12 07 06 05 09 06 08 10 08 05 05 09 03 08 02 01 05 02 02 07 05 05 02 02 03 02 03 03 04 02 01 05 02 03 02 05 04 05 05 02 03 03 04 02 02 03 04 03 03 06 03 01 01 06 04 03 01 02 04 04 03 03 01 00 00 00 02 01 04 02 04 01 05 02 03 01 02 07 02 03 04 04 04 01 01 03 02 04 06 05 02 03 05 01 02 
16 16 15 13 13 13 15 08 14 06 12 02 14 05 03 04 06 05 03 03 06 03 00 02 04 03 06 02 03 01 03 05 04 04 03 02 04 03 04 03 02 05 03 03 04 02 03 03 05 05 03 04 02 01 04 04 03 03 02 02 04 02 05 05 03 03 01 04 06 04 03 03 04 01 04 02 03 05 00 03 01 02 04 03 06 01 04 03 04 03 01 02 05 01 05 01 01 05 06 03 
13 12 20 12 10 11 13 12 04 13 13 13 04 10 05 04 02 05 03 06 01 02 03 02 00 05 02 01 02 04 04 03 05 02 03 03 00 01 05 02 03 02 00 03 02 03 03 01 04 03 03 02 03 02 03 02 05 02 02 04 01 02 02 03 03 05 03 01 04 05 03 06 05 03 01 01 02 03 02 03 06 05 06 05 03 04 02 02 02 01 03 03 05 01 02 02 02 02 01 03 
16 11 07 05 11 10 09 04 06 04 03 05 02 04 01 01 04 02 02 03 04 03 01 04 01 03 04 02 04 02 03 01 07 03 01 01 03 03 01 04 03 04 01 03 04 00 02 03 02 03 05 03 03 03 02 05 03 05 01 04 03 01 01 04 02 03 05 02 03 02 02 05 04 04 05 03 01 01 04 01 04 05 03 03 01 01 05 03 06 03 02 02 04 04 03 01 05 01 03 02 
13 14 04 05 02 06 03 01 06 02 00 02 07 03 03 04 03 01 00 03 02 02 01 04 04 02 05 04 03 05 03 00 01 02 03 02 00 03 02 02 03 03 03 00 02 02 00 06 04 02 03 02 05 02 04 02 03 01 03 03 03 04 02 03 02 01 03 02 01 01 03 04 04 01 03 05 01 06 05 04 02 02 05 00 04 01 04 03 01 03 06 01 03 02 01 03 01 01 02 00 
15 20 14 15 18 15 07 09 06 03 04 09 09 02 04 06 01 05 01 04 04 01 04 03 04 02 05 04 04 04 02 01 02 06 02 04 02 03 06 04 02 04 02 03 02 02 02 03 03 01 03 03 05 01 01 02 04 00 04 04 02 05 03 02 02 03 04 01 02 05 01 04 04 01 02 06 03 02 01 03 03 01 03 05 01 02 02 00 02 03 01 02 05 03 02 02 03 07 02 08 
15 12 05 12 03 17 13 10 05 15 06 05 06 06 02 03 02 01 02 01 01 02 03 05 03 02 01 01 01 04 06 03 03 02 03 02 00 02 04 05 00 04 03 02 03 03 04 02 01 00 05 03 02 03 02 02 03 02 01 03 04 03 03 03 02 01 03 01 03 02 02 04 02 03 03 04 05 02 03 04 03 01 01 04 02 02 02 02 01 05 03 03 01 01 02 03 01 01 05 04 
18 15 18 13 10 07 08 05 03 02 02 02 04 06 02 02 04 04 02 04 05 01 06 03 01 00 04 01 02 02 01 02 02 03 05 02 01 02 04 02 05 04 02 04 01 04 03 05 04 03 04 00 04 05 03 04 04 02 06 05 00 00 02 07 04 01 01 05 02 00 01 06 05 02 02 04 03 05 05 05 05 05 04 00 04 01 07 02 03 05 03 07 02 02 02 03 02 02 01 00 
08 08 07 10 06 08 07 02 06 06 04 04 06 02 04 04 02 03 07 05 06 02 02 01 06 03 03 03 04 02 01 06 06 02 03 02 05 04 01 06 03 04 05 02 03 04 03 03 03 02 07 04 04 03 02 04 03 04 03 04 03 03 02 04 02 06 02 01 03 03 04 02 03 05 02 03 02 03 02 04 04 01 01 02 03 02 04 01 02 05 02 02 03 01 05 02 02 04 05 03 
18 11 17 14 17 10 14 09 05 16 11 05 06 02 00 03 03 02 02 04 04 03 05 04 02 02 02 04 05 04 04 02 02 00 01 02 02 03 01 05 02 03 03 04 04 04 01 04 02 06 04 07 03 01 02 05 02 05 05 03 02 05 01 01 02 02 05 02 04 03 03 05 01 04 02 01 04 06 02 02 02 03 03 00 01 04 01 03 04 01 02 03 06 02 07 05 02 01 02 02 
14 19 12 04 21 14 12 16 07 06 04 03 03 04 01 03 04 01 03 00 07 04 05 03 01 02 04 02 03 03 03 01 04 07 02 03 02 03 03 04 03 03 01 03 02 02 03 00 03 01 02 02 02 07 05 01 03 02 04 02 02 03 04 04 01 04 03 00 03 04 03 03 01 03 03 04 05 04 04 01 05 03 02 02 02 04 04 02 03 02 04 02 02 00 03 03 04 04 03 03 
08 10 08 16 21 12 08 08 08 06 06 06 06 05 04 06 03 03 03 01 04 03 04 02 05 05 03 02 04 02 03 02 01 01 02 02 05 00 03 03 04 04 02 02 01 03 03 06 01 05 07 04 01 02 04 05 01 03 00 05 02 04 04 04 04 03 02 01 04 02 01 03 01 02 02 03 02 02 01 03 05 00 03 06 04 05 04 03 05 07 01 04 03 04 04 04 03 03 06 02 
14 13 12 08 08 06 10 11 02 12 14 06 05 02 04 03 03 04 05 03 02 02 05 03 04 04 03 03 03 03 03 00 02 05 03 02 02 01 02 03 00 03 02 02 01 02 02 04 02 04 02 06 04 02 02 02 05 02 05 02 03 03 03 02 03 03 02 00 02 07 04 02 04 01 02 07 04 05 00 03 05 03 03 04 05 06 02 01 03 04 03 03 06 03 01 04 05 01 02 01 
15 13 17 20 13 12 12 08 08 10 08 09 02 05 05 03 03 03 02 03 02 02 02 03 01 03 03 03 04 02 02 03 02 03 02 03 01 04 04 04 02 01 03 02 01 03 06 00 02 03 02 00 01 04 05 03 02 02 02 03 04 01 02 03 03 03 03 04 01 04 03 01 03 06 02 02 02 02 03 04 01 02 01 01 00 01 02 03 02 03 02 05 01 01 04 01 03 05 01 02 
15 14 13 16 12 14 12 15 03 06 06 06 09 05 06 05 07 03 04 00 01 04 03 03 03 06 03 04 04 04 01 03 05 02 07 03 03 00 02 02 03 03 03 03 01 02 02 02 06 01 04 04 05 02 03 02 02 01 02 02 01 03 04 02 04 02 05 00 02 03 05 03 05 04 03 05 02 01 02 02 04 02 01 04 04 04 01 01 03 05 05 05 01 01 02 02 00 03 04 01 
15 03 07 06 02 03 04 05 06 09 05 05 09 06 03 02 01 01 03 02 03 05 02 02 04 06 04 02 04 04 01 04 04 02 05 03 02 03 04 04 03 01 06 04 01 05 04 01 02 01 03 03 05 00 03 03 04 02 03 02 05 03 04 03 04 03 02 02 04 03 04 04 05 03 00 02 00 01 01 01 03 03 02 00 02 02 04 00 02 02 03 04 03 02 03 04 03 05 07 06 
14 16 12 07 13 04 01 05 05 04 05 09 04 05 03 03 01 05 00 00 02 06 03 02 04 03 02 00 01 01 02 04 02 02 02 04 07 06 05 02 01 04 03 06 01 04 04 01 05 02 01 04 06 02 02 03 02 01 00 02 04 01 01 06 01 02 02 03 07 04 01 02 02 02 03 03 03 04 04 05 02 04 03 03 03 02 03 03 01 03 04 05 02 03 03 04 04 02 03 00 
13 14 17 03 09 05 07 04 11 03 11 05 06 04 05 06 04 00 01 02 05 03 03 04 01 05 07 04 01 03 04 01 05 02 03 04 03 05 02 04 03 01 02 03 02 02 05 06 01 00 02 04 02 02 03 03 02 03 02 03 03 05 03 03 01 03 03 05 02 02 05 03 01 00 02 03 02 03 01 03 03 02 02 05 01 01 02 02 02 07 05 03 01 02 01 05 03 00 01 05 
17 11 13 06 22 09 06 07 09 06 07 05 02 05 03 04 04 04 05 03 05 01 05 02 02 02 03 02 05 03 03 04 01 02 01 01 03 04 02 05 03 05 01 05 01 02 01 06 02 03 01 06 01 03 02 04 00 02 07 03 03 01 04 02 04 01 03 04 03 03 02 05 01 04 06 03 03 03 02 02 04 01 02 05 05 00 04 03 03 04 02 02 00 03 02 05 03 05 02 00 
14 14 15 17 09 06 09 09 06 11 02 04 02 03 02 05 03 02 02 04 05 02 07 05 10 09 02 02 02 03 05 04 02 03 03 00 02 08 01 01 00 03 03 04 03 02 01 02 05 01 01 05 03 02 04 04 04 03 01 01 01 04 03 02 02 03 01 03 00 04 05 02 03 01 00 04 03 00 05 04 01 02 04 02 01 04 03 03 02 03 01 01 03 02 03 03 02 06 02 05 
08 12 11 17 03 10 14 15 09 04 05 08 03 06 15 02 05 07 08 03 05 03 03 01 01 02 05 03 02 02 04 03 02 03 02 05 01 05 01 01 04 04 00 02 05 02 02 03 03 02 02 05 06 04 01 03 02 03 05 04 03 02 02 01 00 02 04 03 05 02 02 01 02 00 04 03 03 06 01 03 04 03 06 01 02 05 02 04 04 02 03 03 04 03 03 01 01 02 00 04 
11 04 03 04 07 08 04 06 04 02 02 03 02 03 03 03 00 02 03 06 04 05 01 03 04 03 02 06 00 02 04 02 03 06 03 02 02 02 01 03 06 04 05 03 01 01 00 02 02 04 02 01 03 01 02 03 04 04 04 03 04 02 07 04 01 02 02 02 01 03 01 02 02 02 03 03 02 01 07 02 03 05 03 02 07 03 01 03 04 04 04 03 03 03 03 01 05 05 05 04 
10 19 12 13 11 16 09 11 07 11 07 09 03 03 06 01 01 03 02 02 00 01 01 02 03 01 06 02 00 01 02 04 06 03 02 05 03 05 03 05 06 02 05 03 03 04 02 05 05 00 03 04 01 05 01 03 00 02 02 01 05 01 04 06 00 03 02 02 04 03 02 06 03 02 06 02 02 07 06 03 01 02 04 02 03 02 04 02 05 02 05 02 02 03 03 02 02 02 03 04 
11 13 13 12 12 11 23 13 13 11 10 14 05 04 04 05 05 05 06 01 03 04 03 01 02 03 03 03 01 00 03 02 05 04 04 03 03 04 03 04 02 03 02 03 02 04 01 04 04 05 01 01 07 02 01 02 04 02 03 01 03 01 04 03 05 02 02 03 01 04 01 03 03 03 04 03 05 04 01 04 02 02 02 02 03 01 05 02 08 07 07 03 02 02 05 05 02 03 04 03 
04 01 06 14 12 09 04 04 04 01 03 03 03 02 05 06 04 06 03 05 03 02 02 05 04 03 04 04 03 02 03 03 01 02 05 03 00 02 00 02 02 03 04 03 04 04 06 05 04 03 04 06 04 02 01 02 05 01 02 04 04 03 04 02 03 01 02 01 00 02 01 01 05 03 02 05 01 01 03 00 02 03 00 03 04 02 04 02 06 04 03 00 04 02 07 04 03 04 04 06 
15 15 14 13 10 11 09 17 08 12 08 09 10 07 04 05 04 05 02 04 04 02 01 06 02 04 04 05 05 02 07 05 05 06 02 05 03 01 01 04 03 03 03 03 02 03 01 02 04 04 02 05 02 07 01 01 00 01 00 02 04 04 03 02 03 02 04 02 05 03 01 02 02 05 01 03 02 05 06 03 03 00 07 03 03 04 03 05 02 02 04 04 04 02 03 03 03 03 03 01 
18 18 05 09 11 11 10 04 07 06 05 04 04 03 02 03 03 01 07 02 02 01 03 00 04 04 04 02 02 01 05 03 02 02 02 01 02 01 03 01 03 04 03 03 01 02 02 01 00 05 05 04 02 02 04 05 01 04 05 03 02 01 03 02 04 03 02 04 04 05 01 02 00 04 03 04 01 03 01 05 03 01 02 01 05 02 00 01 04 05 03 03 01 03 02 02 04 01 01 03 
15 13 16 16 15 15 08 09 11 07 03 06 04 03 06 07 05 02 04 03 04 02 06 03 02 02 04 04 01 00 06 03 02 03 00 02 02 03 03 06 04 02 03 03 02 04 03 04 04 06 01 02 02 04 04 06 00 04 01 02 00 01 05 03 01 00 04 04 04 02 03 03 04 03 01 01 01 02 04 03 02 04 04 08 04 03 03 04 03 04 04 05 03 05 01 01 01 02 03 03 
15 08 11 14 17 17 13 13 20 10 03 06 09 08 10 10 01 03 03 04 05 00 01 05 02 05 02 05 06 01 01 03 01 05 03 02 04 04 02 03 03 05 02 06 04 03 01 02 05 02 01 01 01 02 06 02 04 07 03 00 02 01 03 02 03 05 02 03 01 03 02 02 04 00 03 01 03 02 03 01 02 04 01 03 01 02 05 01 01 03 05 03 06 03 02 06 06 03 03 01 
11 14 17 12 09 12 11 06 04 09 07 07 03 05 03 03 03 01 03 05 03 07 03 04 03 08 04 01 05 02 02 03 03 02 05 04 01 06 03 05 00 07 02 04 03 01 01 01 05 01 04 03 04 04 02 04 05 02 07 06 04 04 03 01 01 01 03 02 03 03 04 03 01 01 02 02 04 04 02 01 02 02 04 06 05 03 03 04 04 00 01 02 03 04 01 03 03 04 02 01 
17 18 12 09 14 18 12 10 08 11 08 07 01 05 02 00 01 04 04 04 02 05 03 01 06 02 01 02 01 02 04 02 05 06 02 02 04 01 01 03 02 04 00 01 05 02 03 03 02 04 03 01 01 02 02 01 02 02 03 03 02 02 02 01 03 03 04 02 03 04 05 03 04 03 05 01 01 04 03 03 01 03 04 05 03 04 02 03 05 03 04 02 00 04 04 03 02 04 03 02 
11 03 04 04 03 04 10 04 07 07 04 03 04 02 02 02 03 04 05 03 04 03 01 01 04 03 04 01 04 04 04 04 01 04 02 02 02 04 05 02 03 03 04 01 03 04 02 03 03 02 01 00 01 04 03 04 04 01 02 03 02 03 02 01 03 04 02 04 04 01 04 01 07 04 02 03 06 02 05 02 03 01 03 04 01 02 02 01 01 03 01 02 01 01 04 01 02 03 08 03 
20 19 16 16 15 19 19 05 10 15 03 17 14 13 06 10 03 06 02 07 05 02 03 04 04 01 03 02 03 04 02 03 02 02 02 00 05 03 05 02 03 00 04 02 03 02 05 01 05 03 04 02 03 07 03 03 00 01 02 02 05 02 00 02 05 01 04 02 02 02 01 05 05 03 04 07 02 02 05 05 03 05 04 01 02 04 03 01 03 05 04 04 00 05 03 02 02 01 03 00 
11 10 11 04 10 08 05 08 07 05 04 02 02 04 04 02 02 03 03 04 04 01 05 03 02 03 02 01 03 02 06 03 03 03 05 00 01 03 03 00 06 01 03 04 02 04 01 03 02 05 04 03 01 02 03 04 03 02 03 02 03 03 07 04 04 02 03 04 02 05 00 02 04 00 01 01 05 07 02 02 05 02 01 03 03 05 01 00 05 04 02 02 05 03 01 02 04 04 03 02 
12 09 08 05 08 06 05 06 06 03 03 04 03 04 03 06 04 02 01 06 04 03 04 01 04 02 01 04 05 01 03 06 06 07 02 02 03 03 02 02 04 04 07 02 01 06 02 01 04 02 03 02 04 03 02 00 03 06 03 00 01 03 02 05 01 04 01 04 02 05 03 06 05 03 03 04 03 05 01 03 01 03 05 05 02 05 03 01 02 03 05 05 01 05 05 02 01 07 02 03 
14 14 06 07 06 06 10 04 03 07 06 06 04 04 03 02 03 05 03 02 06 01 03 04 01 02 01 02 03 02 04 01 07 03 02 02 01 01 06 05 03 03 06 04 04 02 00 00 05 02 02 03 01 05 03 03 03 02 02 00 00 03 02 01 02 00 03 05 06 01 02 01 02 02 04 03 04 05 03 02 00 04 03 04 01 05 03 02 01 01 03 03 02 05 01 01 07 01 05 00 
11 11 11 12 10 09 07 05 08 11 08 11 07 07 07 05 06 05 04 02 04 04 06 02 01 02 05 02 03 02 01 03 01 02 03 01 04 06 01 04 03 03 00 03 03 03 03 01 01 01 03 03 01 01 03 02 02 04 04 03 04 01 03 01 02 03 01 05 02 04 01 02 01 02 02 04 02 02 02 03 01 03 05 05 06 02 02 01 04 01 02 02 04 02 03 05 02 03 01 04 
12 12 11 11 09 04 11 06 07 07 08 02 04 03 02 03 01 01 04 02 05 08 02 02 01 03 01 05 01 02 00 02 02 04 02 04 03 01 03 02 02 03 04 02 03 03 04 01 03 04 04 03 04 02 03 02 03 01 02 04 05 01 04 03 05 03 01 02 03 02 05 00 04 03 01 03 02 03 02 03 01 03 04 01 02 01 03 04 03 05 03 02 00 01 02 05 02 04 02 01 
14 13 16 16 18 09 16 14 15 10 09 16 19 16 08 04 04 05 07 09 06 03 05 04 03 02 02 04 03 02 03 01 02 01 05 02 01 02 02 00 01 03 02 03 01 01 02 03 03 04 01 02 07 04 03 01 03 04 05 07 05 01 03 03 04 01 03 00 07 04 03 05 03 02 04 04 02 03 03 02 01 04 01 02 03 04 00 03 03 01 04 02 03 01 02 02 05 00 05 04 
