08 07 05 05 05 05 02 06 08 04 04 05 03 04 02 02 02 01 04 03 02 02 05 02 03 01 06 02 03 02 01 02 04 03 03 03 02 04 00 01 02 05 03 03 02 02 02 01 02 05 01 02 02 03 00 03 00 02 01 01 04 02 01 00 03 03 03 01 00 01 02 02 01 02 04 04 03 04 02 04 03 04 04 01 00 03 01 00 01 02 04 04 00 05 00 03 00 06 03 02 
05 12 09 06 10 07 16 08 04 05 06 05 06 07 06 09 02 02 03 04 01 02 05 00 02 09 02 03 01 05 01 04 01 00 02 00 01 01 03 05 06 04 04 01 01 01 00 06 02 04 01 00 03 02 02 03 02 04 03 03 02 01 01 05 01 05 00 03 04 03 00 03 05 04 02 02 04 04 02 04 03 01 03 04 01 01 02 05 03 01 02 04 01 01 01 03 02 00 01 01 
09 10 07 07 13 05 02 02 06 03 01 04 05 04 03 02 02 03 04 03 05 02 03 04 02 03 02 04 04 01 01 01 03 03 01 02 03 04 03 01 01 04 00 05 04 00 04 02 01 05 04 02 01 01 01 01 00 02 02 01 05 01 01 03 02 03 02 02 02 04 04 01 02 02 01 04 05 03 03 03 02 03 06 03 01 01 03 03 01 04 02 03 01 03 02 04 01 01 02 02 
04 07 06 10 06 10 13 08 06 06 03 08 06 15 05 09 02 02 00 00 02 02 05 02 03 04 01 03 01 06 05 04 01 05 02 02 01 02 04 04 02 04 04 03 04 04 02 06 04 02 02 02 04 02 01 06 05 03 05 04 04 01 01 02 03 02 03 01 01 04 03 05 04 00 05 02 03 04 01 01 02 03 02 02 04 02 06 01 03 06 03 01 02 06 02 03 02 02 02 07 
14 07 16 13 01 02 07 07 05 03 03 02 05 03 02 03 01 05 02 04 05 03 02 01 04 04 04 01 04 02 06 00 00 01 02 01 01 03 02 01 02 02 02 01 01 01 02 03 03 03 02 02 02 03 02 00 01 03 06 05 01 02 06 04 04 01 02 02 03 00 03 03 06 02 03 02 01 02 03 06 05 02 01 02 01 04 04 00 02 01 03 04 04 05 03 02 02 05 00 03 
08 08 06 05 04 05 00 02 08 09 05 06 04 04 03 04 02 02 02 00 00 00 03 02 02 02 03 05 02 04 02 00 02 04 07 01 02 00 02 02 03 01 04 02 02 04 06 03 02 03 03 00 05 03 04 03 01 04 02 04 02 05 04 04 00 03 01 05 02 04 01 03 01 01 04 04 03 02 03 02 02 03 03 03 03 01 02 02 03 03 00 02 01 02 00 02 02 00 00 04 
05 12 11 12 11 07 06 07 18 19 16 09 06 11 10 22 14 17 09 02 02 03 02 05 04 02 05 03 05 03 04 04 04 04 01 03 01 02 03 04 02 01 00 03 03 04 05 01 02 02 03 00 04 02 03 02 01 02 02 02 03 06 04 02 03 00 02 00 04 01 05 03 02 03 00 04 01 04 02 01 02 03 01 02 00 03 02 04 03 04 02 03 02 02 02 01 03 01 03 03 
33 11 09 09 19 14 15 10 14 14 13 11 12 08 10 17 08 04 06 05 11 03 01 01 02 02 03 02 02 02 03 02 02 02 05 02 03 03 01 00 03 02 03 04 01 00 03 02 02 04 02 02 02 03 02 03 02 02 03 02 01 02 03 03 02 01 03 02 03 04 06 03 01 04 02 02 06 01 04 03 00 01 00 02 05 00 04 04 01 02 01 01 03 01 05 02 02 03 00 05 
08 09 13 16 16 09 08 09 10 04 04 05 01 01 03 01 02 03 02 05 03 01 09 04 06 05 07 05 03 02 01 02 02 06 02 02 05 04 03 04 01 04 02 03 01 03 02 02 03 02 01 02 04 01 04 02 04 02 02 01 01 02 03 00 03 02 02 01 03 03 00 01 03 00 03 03 05 04 04 04 02 03 06 02 02 04 03 01 02 04 02 03 01 01 05 03 03 03 02 01 
11 05 15 13 13 10 04 10 02 04 02 06 03 04 03 08 02 04 05 04 00 04 02 01 02 02 04 02 04 02 01 03 04 01 01 04 01 04 01 01 02 02 00 03 01 02 02 06 01 01 04 03 06 02 04 04 02 05 03 03 04 03 02 04 05 03 02 02 01 00 05 02 03 02 03 04 02 00 04 06 00 05 00 01 02 02 01 02 02 01 04 01 02 01 03 05 02 02 03 03 
14 15 12 10 09 07 14 05 03 02 00 04 08 05 05 01 05 01 03 00 01 02 03 04 04 03 05 05 02 03 03 02 02 03 03 01 01 02 02 01 02 02 00 03 04 05 02 02 04 02 01 02 00 02 01 05 03 02 00 02 02 01 00 01 02 04 02 00 03 04 02 02 04 04 06 03 01 03 00 03 04 06 05 01 02 05 02 02 03 01 04 04 01 00 05 03 01 03 02 00 
08 09 10 20 19 13 09 04 10 08 07 04 07 03 05 07 02 05 03 01 03 04 01 03 00 03 05 01 04 05 03 02 04 03 01 03 05 02 05 02 01 06 02 03 02 03 04 02 01 03 03 03 02 01 03 03 05 02 04 05 02 02 02 02 02 01 02 03 03 02 04 02 05 02 02 01 00 03 02 03 03 02 01 02 03 03 02 02 04 03 03 03 03 03 05 03 03 01 05 02 
06 06 10 12 11 05 05 18 11 07 10 07 09 05 07 05 01 00 02 02 02 06 02 03 04 01 02 05 02 02 01 02 01 04 02 06 02 04 00 03 02 02 01 04 02 02 02 02 04 02 04 02 01 02 02 04 02 02 04 02 00 02 03 02 01 01 01 02 01 02 01 02 01 04 02 03 02 01 02 01 02 00 01 05 01 03 04 03 05 02 02 01 04 03 02 04 06 01 01 05 
14 09 14 14 14 08 09 13 13 06 15 10 18 01 05 18 09 09 22 09 12 03 02 10 11 04 15 16 11 08 03 05 01 03 05 02 03 03 04 02 03 04 02 01 00 05 03 03 05 05 03 03 01 03 03 02 03 03 04 03 01 03 02 03 03 04 04 02 04 00 02 04 01 01 04 04 02 04 06 03 02 02 02 04 00 02 01 02 06 03 05 03 03 02 01 04 01 05 03 04 
07 23 17 17 08 03 03 10 13 09 11 09 07 08 09 05 15 04 13 10 10 09 11 05 03 05 05 06 04 06 03 04 06 03 03 05 01 03 02 05 04 03 01 05 02 05 03 06 01 01 02 02 03 03 02 01 02 04 02 01 02 02 04 04 05 02 00 01 01 02 03 01 05 07 06 02 03 02 03 04 03 03 01 02 00 03 00 00 05 04 01 02 02 02 05 02 02 03 01 03 
07 10 09 08 11 04 08 07 14 12 06 05 04 04 06 05 08 05 04 06 03 03 03 03 02 02 01 00 03 04 02 02 02 01 02 01 03 02 01 04 02 03 03 01 03 01 01 03 04 05 03 03 01 03 02 03 01 03 01 03 02 04 03 02 03 01 02 04 00 03 02 02 01 02 03 01 02 00 02 05 02 03 03 06 01 03 00 04 05 03 01 03 07 02 02 01 02 05 04 03 
17 10 10 18 05 07 05 03 08 03 05 09 11 13 06 03 06 03 09 03 04 05 02 04 01 01 05 05 03 02 02 03 02 00 01 05 01 03 02 02 03 01 01 04 01 04 01 02 02 04 06 00 05 01 03 02 05 04 05 03 03 04 04 02 01 02 02 04 03 00 03 03 05 03 03 04 04 05 05 03 02 02 04 05 04 04 02 03 03 01 04 02 01 03 04 03 03 03 01 02 
04 01 11 05 05 03 03 05 03 02 11 06 02 01 02 04 00 02 02 03 03 02 01 03 03 04 05 03 02 01 03 02 01 03 01 04 03 00 02 04 02 03 00 02 03 01 02 01 01 02 03 01 00 03 01 01 03 01 01 12 06 04 01 03 01 01 02 01 04 04 02 01 01 07 03 03 03 05 04 05 06 02 02 02 01 02 00 01 01 04 02 03 04 02 02 02 04 03 04 04 
07 04 08 23 17 18 08 17 04 02 04 04 06 02 06 03 04 01 00 02 04 02 04 02 03 01 02 01 02 02 03 03 02 02 04 04 02 03 03 00 05 02 03 05 00 03 01 01 01 00 06 01 03 02 03 02 03 03 06 02 02 01 03 02 03 05 04 03 00 01 03 04 01 02 02 03 00 00 00 02 03 02 02 03 01 03 01 03 00 07 03 01 02 04 00 05 00 03 02 04 
07 12 13 13 11 10 11 06 07 12 04 12 07 10 08 04 03 04 03 01 03 01 03 03 00 06 04 01 01 02 02 00 02 04 02 01 02 02 02 04 04 02 02 03 02 03 02 03 04 01 03 08 06 02 04 07 04 01 03 02 02 04 05 03 02 04 01 05 01 02 01 03 05 02 03 02 03 02 01 03 02 05 02 03 03 04 03 01 04 01 03 00 02 02 05 01 03 00 03 06 
05 06 08 08 05 05 05 06 03 02 04 06 03 04 04 03 01 08 03 03 01 00 02 01 02 01 01 01 00 04 01 04 00 04 03 04 05 04 00 03 02 03 01 03 02 06 03 04 06 03 01 01 07 07 03 04 03 01 04 05 03 00 02 02 02 01 02 03 02 05 01 04 03 03 02 03 03 03 03 03 02 02 04 05 04 02 03 00 02 01 02 01 02 02 01 05 01 02 02 03 
09 04 02 07 05 08 13 02 03 05 11 12 02 04 03 02 01 04 02 02 01 07 06 06 01 03 01 04 04 04 03 01 04 02 04 04 02 01 01 04 01 03 05 03 02 02 02 04 01 03 02 05 03 03 02 00 01 02 00 03 01 02 04 02 01 03 01 01 01 02 03 04 02 02 01 01 02 04 03 03 05 01 02 05 03 05 02 02 05 03 03 01 01 03 02 01 03 04 04 04 
15 26 07 08 11 06 13 06 15 02 05 06 02 01 00 01 01 00 03 08 04 03 03 03 04 02 04 04 04 05 03 03 01 07 02 04 02 03 02 02 07 04 02 06 03 01 01 06 06 02 02 00 01 01 06 04 03 02 02 01 01 02 02 02 04 00 02 02 02 02 04 04 02 02 03 00 02 02 04 00 03 05 02 02 03 02 01 03 04 03 03 01 02 03 02 03 01 01 02 00 
08 11 10 14 14 08 08 04 07 08 08 11 06 09 10 11 10 07 04 02 06 06 07 03 03 05 03 03 05 04 03 02 02 01 01 02 04 05 04 04 01 05 04 05 03 03 03 03 02 03 02 00 05 02 05 02 01 02 02 02 04 03 01 02 02 02 01 03 04 02 00 06 05 04 03 05 04 03 03 02 05 02 02 01 02 04 01 03 04 01 02 03 03 02 03 00 03 05 03 05 
16 11 10 14 07 03 07 05 12 03 02 12 11 09 06 09 11 07 09 09 03 02 16 07 09 07 04 05 03 09 07 02 01 06 05 02 01 01 01 04 03 00 05 02 04 02 01 02 03 02 02 00 08 04 05 02 00 03 01 01 03 01 03 03 02 01 02 03 02 04 06 01 06 02 02 02 01 00 03 02 04 02 02 05 03 02 04 04 01 02 00 02 04 03 00 01 06 02 03 02 
11 15 10 10 11 15 15 13 17 16 06 12 08 09 12 04 02 04 01 02 05 03 03 02 01 01 01 02 03 00 03 02 03 01 00 00 04 03 01 06 00 04 04 04 03 03 02 01 03 05 02 02 01 02 01 03 04 02 01 01 05 01 02 04 03 05 03 04 02 01 03 02 01 05 03 06 04 00 02 04 03 01 02 06 00 02 04 01 03 03 01 01 04 02 02 02 02 02 00 00 
06 13 10 08 07 03 07 10 02 03 02 04 03 07 05 02 00 00 05 02 04 03 02 02 00 03 01 02 05 03 00 00 03 01 04 01 02 02 04 00 02 05 02 03 01 01 02 04 02 02 01 01 02 03 03 02 05 00 01 03 01 03 02 02 05 02 03 02 03 00 04 00 03 01 02 01 02 03 01 04 01 05 05 03 03 06 04 05 03 01 03 02 02 04 02 05 02 03 06 01 
12 08 16 13 08 06 08 05 07 07 10 10 17 08 05 13 11 05 06 08 05 05 05 03 05 02 03 03 03 05 03 01 05 04 02 02 05 02 02 03 02 05 03 03 02 02 01 03 02 01 01 03 01 00 03 03 03 03 04 00 03 03 01 03 04 05 01 04 03 04 02 04 00 03 02 01 02 01 02 03 04 00 03 03 00 01 02 02 01 03 02 04 04 02 07 00 01 04 06 02 
18 13 20 13 09 14 12 11 05 05 07 10 14 06 03 14 03 00 17 17 11 08 13 09 06 13 11 06 05 04 05 01 03 00 04 03 04 04 03 01 07 04 01 03 03 01 03 01 02 03 03 03 04 01 03 02 03 02 02 02 02 02 06 03 03 02 03 02 03 01 04 01 01 02 03 01 06 03 01 02 02 02 03 01 06 03 02 01 04 02 03 02 02 03 02 04 02 05 05 03 
12 20 15 10 06 06 09 07 07 02 03 03 10 02 05 01 09 12 08 04 02 05 02 00 02 03 01 04 04 01 02 04 03 06 02 03 03 01 02 02 09 04 04 03 03 04 02 01 02 06 02 03 04 01 05 04 02 01 04 00 04 01 04 02 06 02 01 03 01 02 03 03 05 03 04 04 03 02 01 02 03 03 03 01 00 01 04 04 03 02 02 03 02 01 02 02 02 07 02 03 
09 07 29 07 02 10 06 10 13 10 05 03 01 08 04 03 03 05 02 04 01 03 02 04 04 08 03 01 03 01 03 05 02 03 03 02 00 01 03 03 02 03 02 03 01 03 04 01 03 03 02 03 04 02 02 02 03 01 02 05 05 01 03 01 02 02 02 02 05 02 04 02 01 02 02 02 01 02 03 01 04 03 03 04 01 04 03 04 02 04 03 04 03 01 04 02 04 02 03 02 
18 14 14 11 06 04 02 05 08 15 05 06 05 02 02 02 00 04 01 00 04 04 02 03 03 02 04 01 01 02 02 00 03 01 02 03 02 02 03 04 02 02 04 02 02 02 03 06 02 00 05 01 08 01 01 02 01 02 01 07 01 01 04 05 02 02 01 02 02 01 06 01 01 03 04 02 03 01 04 06 01 02 02 01 02 00 01 01 04 01 03 03 02 04 01 01 00 01 03 02 
15 12 09 08 20 15 05 02 06 03 06 10 05 05 11 05 01 02 03 00 02 02 01 02 02 02 03 06 03 04 03 02 01 05 01 01 02 01 03 04 05 02 02 01 00 02 05 02 03 00 01 02 02 02 07 04 01 05 03 03 04 01 01 02 02 03 03 03 05 03 03 02 01 03 06 01 01 02 04 02 01 01 01 00 02 03 02 02 05 02 02 05 05 02 04 03 00 04 02 05 
05 05 05 00 05 03 04 02 07 06 02 06 02 02 02 04 02 05 03 07 03 01 01 05 00 02 07 00 07 01 02 03 02 03 03 02 02 01 02 00 02 05 04 03 02 02 03 02 03 04 02 03 03 03 01 00 02 03 00 03 03 03 02 03 04 03 03 05 02 03 03 03 03 01 04 03 02 01 03 04 02 05 02 01 07 03 06 05 01 03 00 04 05 02 01 03 02 05 05 03 
12 10 10 17 14 10 14 10 15 08 08 08 08 02 03 03 02 04 02 02 01 04 01 02 02 04 02 04 04 04 02 03 05 02 00 07 03 02 02 01 02 02 01 01 03 04 02 03 03 02 01 07 01 00 02 05 03 04 02 04 02 01 02 03 06 03 03 02 01 01 03 02 04 02 01 00 03 03 03 02 04 05 02 02 05 04 01 03 01 04 04 00 06 03 04 00 01 01 01 02 
66 13 07 04 07 15 14 09 10 09 09 04 08 08 05 08 03 02 02 01 05 01 04 04 03 02 03 01 04 01 03 02 02 01 03 02 02 03 01 04 03 03 05 02 02 02 03 04 03 04 01 01 04 01 06 03 04 05 02 01 01 02 03 02 02 02 03 03 03 02 03 02 02 05 01 05 04 08 05 06 02 03 04 04 03 03 01 00 05 01 01 01 01 04 03 03 02 02 03 04 
05 10 04 02 08 07 11 11 08 04 01 05 04 01 02 13 12 11 04 06 07 03 08 08 09 12 10 09 07 04 05 12 02 09 04 16 11 07 07 01 02 05 08 06 03 04 04 04 06 07 02 04 05 03 04 02 03 02 01 01 03 00 04 01 04 01 02 02 04 02 08 03 02 01 01 01 04 02 01 06 03 02 02 02 00 02 01 01 02 02 02 01 03 03 03 04 03 03 01 02 
10 10 08 22 16 09 04 07 05 06 05 03 00 04 02 05 01 04 03 02 03 02 01 02 02 03 02 02 00 00 03 04 02 04 05 01 01 01 04 03 02 02 04 02 04 02 05 04 04 02 02 03 05 04 08 06 02 02 02 02 04 05 05 05 02 05 01 02 03 00 02 03 04 01 02 02 04 02 00 02 01 03 01 03 01 03 01 01 00 01 03 04 03 04 04 04 02 04 02 05 
10 08 11 14 05 14 10 18 13 07 11 10 12 12 05 11 06 01 06 07 04 02 04 04 03 02 04 05 02 03 01 05 02 03 02 03 05 05 02 01 02 03 01 04 03 06 04 04 02 04 03 02 05 04 04 04 00 03 04 00 03 03 02 01 02 02 02 03 02 03 02 05 02 05 01 01 02 01 03 00 02 04 02 01 02 01 01 05 02 02 06 01 03 04 01 02 05 00 01 03 
09 18 08 04 11 12 03 05 10 07 01 05 09 03 05 05 03 08 03 05 04 02 02 01 04 03 02 03 00 02 02 06 02 00 00 02 03 02 03 03 01 03 03 06 03 01 02 01 02 05 05 03 03 03 02 01 03 00 01 03 04 03 03 04 02 00 01 05 01 04 03 07 03 04 03 03 06 04 03 02 03 02 04 04 03 01 03 02 04 03 02 05 02 02 02 02 01 02 01 00 
07 09 04 09 04 07 14 15 11 10 06 02 02 07 03 02 03 02 03 01 02 01 02 03 02 04 02 05 04 02 01 01 04 02 03 00 02 03 01 06 03 02 02 02 00 02 03 05 01 04 03 02 03 03 05 02 02 02 03 02 01 02 01 02 02 03 04 03 03 03 04 03 05 01 02 04 05 05 02 01 01 05 03 02 02 01 01 04 00 03 05 01 03 05 03 05 03 01 03 04 
09 12 09 06 08 06 04 04 08 04 04 04 02 02 03 01 04 03 03 04 01 03 01 02 03 03 05 03 01 04 04 02 00 00 02 01 05 05 04 05 02 02 03 01 02 02 01 03 04 00 00 03 02 05 05 03 02 05 03 01 00 04 02 04 03 03 04 01 03 01 01 02 04 04 01 04 03 02 01 05 04 04 00 02 01 04 02 02 01 02 04 05 04 03 02 01 02 02 06 01 
10 09 06 05 16 07 08 16 22 34 07 11 10 04 03 03 07 05 04 04 07 04 02 00 02 02 01 01 04 03 03 03 04 04 04 01 06 04 02 02 03 04 01 01 03 03 01 05 06 01 05 04 02 02 04 03 01 00 02 02 03 04 00 01 02 03 03 05 03 02 01 03 03 00 02 05 02 03 05 01 03 04 01 04 01 03 03 03 01 02 02 04 04 02 04 00 02 04 02 03 
07 03 06 06 05 05 08 07 01 02 06 03 00 02 03 05 02 00 02 02 02 03 01 00 02 01 00 01 02 03 02 02 02 02 01 02 01 02 08 02 03 03 01 01 01 02 01 04 03 06 04 00 02 08 05 01 03 02 03 02 01 03 02 03 01 02 02 05 01 03 04 02 02 02 05 03 00 01 01 02 00 03 04 03 06 06 01 05 02 04 00 02 02 04 00 04 03 01 03 01 
09 07 10 09 04 10 07 10 09 10 15 06 11 16 07 14 14 12 12 24 21 14 15 13 08 03 06 03 04 01 02 02 04 01 05 04 01 01 04 02 01 02 03 01 02 03 03 05 02 03 01 02 02 05 03 00 04 01 05 03 03 02 04 01 02 01 02 06 04 03 01 02 01 06 04 02 05 02 02 04 02 02 01 06 02 01 01 03 02 02 03 01 01 02 04 02 04 01 02 01 
05 08 12 15 03 07 04 07 05 02 17 04 08 17 16 07 07 15 07 03 02 02 04 03 02 02 02 04 04 03 00 02 02 02 02 00 03 02 01 06 01 02 01 02 01 02 05 03 03 02 02 03 04 04 01 02 01 04 02 00 04 02 03 01 03 03 06 02 01 03 00 04 00 02 03 01 01 03 02 03 05 01 02 01 02 01 03 04 04 00 01 03 02 01 03 04 03 03 00 03 
24 17 23 08 04 10 06 06 04 03 01 03 05 04 04 02 03 02 03 03 02 00 04 02 03 03 02 00 05 03 04 02 05 03 06 02 02 01 01 01 05 02 00 05 02 04 03 02 03 04 04 00 02 05 00 03 02 01 00 02 03 04 04 04 05 04 02 01 01 02 03 02 03 02 02 02 04 00 01 00 03 01 04 04 05 03 02 03 01 03 00 03 03 03 02 03 00 03 02 01 
14 07 06 06 14 18 15 11 06 05 14 02 05 07 00 01 03 00 00 03 04 02 06 02 03 02 03 03 02 02 03 02 01 02 02 01 02 03 03 02 04 03 02 02 04 03 05 02 03 02 02 03 04 02 01 02 01 03 01 02 01 04 02 02 05 04 05 04 00 03 03 02 06 04 01 02 01 00 04 03 06 01 03 06 07 04 02 01 03 02 04 02 02 02 02 04 02 01 03 02 
07 06 08 12 11 10 06 12 08 08 12 01 12 12 06 05 07 04 03 04 02 03 03 02 04 03 01 05 02 02 04 03 05 05 03 00 03 00 01 03 04 05 03 04 00 03 03 03 04 07 03 03 02 04 04 00 00 04 05 03 04 02 01 05 01 02 03 01 05 02 02 04 04 02 04 01 03 03 04 03 02 03 03 06 03 03 03 01 02 02 03 02 02 02 03 01 02 03 01 01 
13 11 11 14 08 19 09 10 17 10 09 13 04 10 20 09 11 06 11 06 11 21 02 01 02 02 07 19 08 06 05 03 02 02 04 02 03 02 03 01 02 04 00 06 02 01 03 02 02 00 01 02 01 02 06 04 04 01 06 03 05 00 03 01 02 04 04 04 01 03 02 03 02 00 01 03 01 06 03 06 02 03 03 02 00 02 02 01 02 02 02 02 01 02 03 03 03 02 04 03 
12 15 17 12 03 06 02 05 07 03 03 00 01 02 03 03 01 02 02 04 03 04 02 02 10 04 01 04 03 02 03 04 00 02 03 02 04 02 04 04 02 03 03 02 04 01 03 01 05 02 01 02 02 03 06 04 03 01 04 01 04 02 00 05 04 03 01 03 01 05 03 01 02 02 03 02 02 01 02 05 02 05 04 04 02 01 01 03 03 02 01 03 04 02 07 03 00 05 03 01 
07 13 11 10 09 12 09 09 09 05 01 05 10 09 06 08 06 08 06 05 13 23 13 08 09 10 15 17 14 10 05 04 03 03 08 01 04 06 03 04 05 00 02 02 01 01 00 03 04 03 03 03 03 02 02 03 04 03 06 05 01 01 03 01 01 03 03 02 04 05 03 03 02 01 02 02 02 04 04 02 01 01 02 03 03 02 02 01 02 04 00 01 03 03 03 03 03 03 02 04 
06 04 04 13 05 07 09 09 05 00 03 03 02 03 03 03 02 04 02 02 04 02 01 00 02 01 02 00 02 01 03 02 04 01 01 03 01 03 02 01 04 02 01 03 02 01 02 02 02 02 01 06 03 02 01 04 04 02 03 00 05 04 05 00 03 01 02 01 00 01 04 02 04 03 01 05 02 04 01 01 03 05 02 03 01 02 02 01 03 02 02 02 01 06 02 03 04 00 03 03 
09 07 07 10 08 11 02 00 07 03 03 01 02 03 05 02 03 02 03 02 02 00 04 04 05 03 02 01 04 01 02 04 01 02 04 02 02 02 01 02 04 01 02 00 02 06 04 01 00 04 02 03 01 01 06 02 00 02 01 05 02 06 01 02 02 01 03 03 04 03 04 02 05 02 05 01 04 03 04 02 01 01 02 03 02 02 00 02 04 03 03 03 02 02 01 06 03 02 06 04 
08 07 07 07 03 10 09 05 07 04 07 03 10 09 06 06 02 03 06 02 02 03 02 02 02 02 02 01 02 03 04 02 02 04 01 03 02 05 04 01 02 03 03 05 01 03 02 03 04 02 02 02 02 04 02 02 05 01 02 04 03 04 03 02 01 03 06 02 03 03 01 02 02 03 03 03 02 05 01 01 02 03 03 02 05 04 03 03 00 00 03 02 01 02 02 05 04 04 06 01 
15 08 07 09 10 05 04 08 08 08 03 12 07 09 02 02 02 04 01 02 00 05 01 03 02 02 03 04 03 01 02 01 02 01 04 02 04 01 02 04 01 01 01 03 04 01 03 05 01 01 03 02 03 01 02 03 01 00 03 05 02 02 02 02 03 02 03 05 02 02 04 01 02 02 02 02 03 04 03 03 01 00 01 03 03 02 04 05 02 01 05 03 01 01 04 02 01 08 03 01 
08 10 08 04 02 02 07 08 03 02 02 05 06 05 06 04 04 03 05 06 03 02 02 04 03 02 01 06 02 01 03 02 01 02 02 03 06 03 02 01 02 04 01 02 02 01 00 03 04 04 01 06 02 04 01 05 00 01 02 03 03 02 05 05 05 02 01 03 02 05 03 04 03 03 02 03 02 04 02 01 01 04 06 02 04 00 02 01 05 04 02 03 02 03 04 04 02 05 03 01 
15 13 06 08 08 13 02 11 07 09 06 02 09 03 07 04 02 02 04 01 03 03 04 01 06 03 03 03 01 03 03 01 01 03 03 02 02 02 03 02 03 03 03 01 03 02 02 01 02 07 02 02 00 05 04 04 03 02 05 03 01 03 01 04 03 03 02 03 03 03 02 01 05 03 01 04 03 00 01 06 01 01 02 01 02 04 03 04 03 02 03 02 05 04 00 02 03 02 06 02 
11 10 05 16 06 03 05 12 12 05 06 14 27 20 09 04 06 08 06 08 06 10 05 08 07 02 03 03 04 00 03 01 00 06 03 03 02 02 03 01 07 03 04 03 02 02 00 03 01 00 01 01 02 00 05 02 04 01 03 01 03 04 01 04 02 03 04 04 02 00 03 01 02 02 02 01 02 03 03 05 05 02 01 02 01 03 02 01 04 02 04 02 04 06 04 02 01 03 01 04 
07 15 06 07 10 16 05 07 04 09 09 08 04 07 12 12 11 10 15 04 03 04 04 06 03 04 03 01 00 02 03 00 02 02 02 04 05 04 02 06 01 02 04 03 01 02 02 01 01 03 03 03 03 02 01 03 00 03 02 03 02 03 04 03 00 04 01 01 01 05 03 04 04 00 01 01 01 02 02 02 02 01 04 02 02 03 03 03 01 01 03 03 05 03 01 01 02 02 04 04 
06 19 18 08 11 06 08 08 04 03 08 08 10 07 03 01 03 06 05 00 04 01 03 01 02 04 01 01 02 02 02 03 03 04 01 04 02 02 03 03 03 02 01 02 04 05 05 02 04 01 03 04 01 02 01 01 04 04 03 02 02 01 05 04 02 04 03 03 03 02 03 02 02 03 04 05 03 04 01 02 02 02 03 01 01 02 02 04 01 02 04 03 01 03 00 01 04 03 04 04 
14 22 10 05 10 08 10 14 07 10 13 05 08 01 03 07 05 03 06 04 01 03 00 02 03 01 04 03 02 02 02 05 05 04 03 00 03 01 01 02 03 02 02 03 03 02 02 03 00 01 02 03 03 01 05 01 03 03 03 02 03 01 03 03 02 03 01 01 02 00 02 05 06 03 02 03 02 03 05 05 02 04 02 01 03 01 02 02 03 05 04 03 04 02 03 04 04 01 01 02 
06 06 08 07 05 07 05 10 05 06 04 06 04 02 03 02 03 04 04 02 01 02 02 03 02 02 00 01 03 02 01 02 04 06 03 01 01 02 03 04 05 01 02 02 05 02 02 04 04 02 00 01 01 02 02 02 03 01 00 03 05 03 04 03 00 03 04 00 06 03 05 06 03 05 03 02 02 06 03 03 00 04 01 04 01 02 04 04 08 01 02 02 02 05 01 02 02 05 05 02 
09 05 10 11 05 05 05 05 05 04 03 03 02 02 02 03 03 03 00 06 02 03 01 00 03 04 03 02 02 01 03 03 03 01 02 06 02 01 02 02 02 00 02 05 02 01 01 04 04 06 02 03 01 01 06 04 02 03 02 06 01 02 01 05 05 03 02 02 04 02 01 04 02 02 03 03 04 01 01 03 03 04 03 03 03 04 01 03 03 01 03 00 01 01 03 00 01 02 06 01 
14 08 09 16 14 15 07 06 08 16 21 12 13 17 10 11 12 12 02 08 03 03 01 03 02 05 03 01 01 04 01 04 02 04 03 03 03 06 03 03 02 03 02 01 01 02 05 04 02 04 00 02 03 00 01 04 02 02 03 04 03 01 02 01 00 03 02 03 02 03 01 03 02 03 02 03 02 04 07 01 03 02 02 02 02 01 03 01 00 02 03 02 02 02 01 01 02 03 04 02 
13 07 06 09 13 05 07 15 07 14 14 04 06 16 09 06 02 01 02 02 01 01 03 02 06 02 04 02 01 02 05 01 02 03 03 02 03 05 02 02 01 01 02 05 03 04 04 04 01 02 04 05 02 01 06 03 04 03 03 02 01 02 04 00 01 00 01 02 03 02 04 00 03 03 04 01 02 02 06 04 06 02 04 04 03 02 03 03 02 07 04 02 00 02 02 01 02 02 03 02 
14 11 19 13 17 10 05 03 04 18 17 16 11 08 13 11 15 19 26 14 17 17 05 06 07 05 05 04 01 06 03 04 04 04 02 03 02 01 02 02 03 06 03 02 03 03 02 04 01 00 00 01 02 01 04 00 01 02 02 04 01 03 04 03 00 02 03 03 02 03 01 02 03 06 04 05 03 00 00 06 04 01 01 04 02 02 00 05 01 05 04 05 01 04 02 03 02 04 01 01 
12 12 12 11 20 17 13 09 18 15 08 10 06 03 05 07 05 02 08 06 04 04 05 01 02 01 08 05 06 03 03 01 04 03 06 02 02 04 01 03 04 03 01 03 05 04 02 05 01 01 08 03 03 03 01 02 04 04 00 03 01 02 03 01 03 04 02 06 02 02 02 03 04 04 02 01 03 06 01 01 03 05 04 02 02 01 04 04 03 02 02 05 02 02 04 04 02 03 04 06 
12 18 08 03 05 05 15 10 05 04 04 02 04 05 05 04 05 02 05 00 05 01 03 00 04 01 04 00 06 00 02 02 05 03 03 03 03 01 04 02 02 02 00 03 02 02 04 03 03 02 05 02 03 00 02 04 06 03 00 01 02 03 05 04 00 01 01 01 02 02 03 01 02 04 01 02 01 02 01 02 02 01 04 01 01 01 03 00 04 01 02 04 05 03 04 04 03 03 05 01 
03 09 05 06 07 05 09 05 04 03 06 06 06 03 02 01 05 01 02 03 02 05 01 03 04 01 04 05 03 04 06 03 00 01 03 03 02 04 04 03 02 03 02 04 03 02 01 03 01 03 02 02 03 03 03 01 01 03 04 01 01 03 00 02 04 05 06 01 07 03 03 01 03 02 03 03 02 03 01 02 04 02 02 04 01 01 03 03 02 03 01 03 04 05 02 02 01 02 02 03 
13 08 09 09 13 05 17 18 07 06 11 07 15 05 06 05 03 00 01 07 02 03 03 04 03 01 01 02 03 03 01 00 04 04 04 01 02 02 02 05 01 02 00 02 01 02 03 04 02 03 00 03 04 02 03 03 01 06 02 01 00 01 02 02 06 01 00 04 03 01 05 04 01 05 05 03 02 01 00 02 01 02 01 01 02 03 03 02 04 02 04 01 03 06 01 02 00 02 04 04 
09 15 03 07 05 21 20 20 08 11 09 07 03 03 00 04 02 02 02 04 00 02 04 04 01 02 01 03 04 01 02 02 04 02 03 03 03 00 03 01 03 04 03 02 01 01 02 04 03 01 02 01 01 03 01 03 03 02 04 01 02 03 03 03 01 02 04 03 01 02 01 01 01 01 04 01 02 04 00 01 03 04 02 02 00 02 05 01 04 04 03 03 02 01 04 03 01 02 02 01 
05 14 08 07 11 08 07 12 15 13 07 12 01 05 03 04 06 05 03 02 04 02 02 01 04 03 02 01 01 01 03 00 03 04 03 00 03 01 02 03 04 04 03 02 03 02 02 01 02 00 02 02 02 07 06 04 03 00 04 02 04 02 03 04 02 04 04 02 09 06 02 01 01 04 05 04 01 06 04 01 05 01 04 03 01 04 02 03 02 04 00 00 02 00 03 04 02 03 01 02 
10 15 09 19 10 12 12 11 12 08 10 05 04 05 02 03 09 06 07 00 04 03 07 03 02 02 02 02 02 04 01 02 02 01 04 02 03 03 01 06 02 01 03 02 04 02 01 02 03 02 02 03 01 00 00 03 01 00 03 01 04 05 01 02 02 01 03 06 03 02 02 02 01 03 00 01 04 05 01 03 02 02 00 00 01 02 04 03 05 01 02 03 03 03 04 04 01 01 05 04 
10 18 13 07 07 08 14 07 12 05 02 01 06 02 05 00 05 01 04 05 06 01 01 03 00 03 00 02 03 01 07 05 03 04 03 02 03 03 02 01 03 00 02 01 04 07 01 01 04 01 02 02 02 02 05 03 03 03 03 02 02 03 03 00 02 03 01 02 03 02 02 00 02 02 06 01 01 04 04 03 00 05 02 01 03 02 02 02 03 00 02 03 02 02 02 01 05 01 01 04 
02 02 06 07 08 03 02 06 08 04 05 07 03 01 02 05 02 02 02 03 01 01 03 01 02 04 02 05 03 00 04 01 01 03 02 04 01 02 02 01 02 04 00 01 03 03 03 03 03 01 01 00 03 01 02 08 03 03 01 04 01 04 03 00 03 02 06 04 02 02 01 01 03 02 03 04 00 02 06 08 02 02 02 04 01 00 01 00 02 02 03 00 03 03 01 02 02 04 02 03 
15 05 20 14 05 12 06 07 09 10 09 08 05 11 05 02 00 03 04 04 04 02 05 05 00 01 04 04 01 03 01 03 03 02 02 06 02 02 02 03 02 06 05 02 00 00 04 01 02 04 04 05 04 00 01 06 02 00 02 01 05 04 04 01 04 03 04 05 01 03 03 02 02 05 05 02 05 02 03 04 01 03 03 02 01 05 02 03 04 02 03 04 00 05 03 02 08 04 01 02 
13 10 20 13 16 04 01 05 14 08 09 15 05 12 02 02 03 04 02 03 06 02 02 04 02 00 05 02 03 00 01 01 01 02 03 01 05 01 04 03 02 02 04 00 02 00 00 01 03 04 04 02 03 02 01 04 04 01 02 03 02 04 02 01 01 02 03 04 03 01 05 01 01 07 01 03 01 03 01 04 05 03 03 02 01 02 02 03 02 02 06 01 02 00 01 04 04 02 05 02 
16 13 23 14 13 11 09 10 06 04 04 02 06 04 09 03 03 01 04 06 00 04 01 02 02 04 03 06 01 02 03 02 02 02 03 04 02 03 04 01 03 02 00 06 01 02 03 03 01 03 04 02 02 03 04 01 02 04 05 03 06 01 00 04 02 01 04 02 03 04 04 03 01 02 02 01 02 02 03 03 01 03 03 04 05 03 00 03 03 02 04 03 02 03 02 03 03 02 01 05 
12 10 07 10 04 01 00 06 10 04 04 01 06 05 02 04 04 02 01 04 01 05 02 03 01 02 02 02 06 03 01 05 02 04 04 03 04 03 02 03 04 03 04 03 02 01 01 00 02 03 02 00 03 01 03 00 05 00 01 01 03 01 02 01 02 00 04 02 05 03 03 02 01 00 00 05 03 05 03 00 01 05 06 02 01 01 01 01 03 02 04 01 02 05 01 06 03 02 02 02 
19 16 11 10 00 00 01 10 11 11 08 05 10 12 07 10 08 03 03 05 05 04 01 03 00 04 06 02 02 04 04 02 04 03 04 02 02 01 01 04 02 01 02 02 00 05 02 00 02 00 04 00 02 02 03 00 02 03 01 05 05 03 04 05 04 02 02 02 02 02 03 03 04 03 00 05 02 02 03 03 03 04 02 01 02 03 00 04 02 04 06 03 02 05 03 03 00 08 03 02 
13 11 04 03 14 02 06 04 11 09 12 05 05 08 01 05 03 04 01 03 03 01 02 01 05 03 02 02 03 01 01 03 03 01 02 05 02 03 03 04 06 00 03 00 01 01 01 00 02 01 05 03 02 00 02 00 02 03 04 02 01 02 04 01 01 02 03 02 03 05 01 02 05 04 03 01 01 02 00 01 03 05 00 00 03 02 02 03 04 04 02 01 02 02 01 00 02 00 02 03 
09 16 16 18 11 11 09 02 10 04 09 10 02 01 03 03 02 03 02 01 01 04 04 00 02 02 05 04 03 03 03 01 00 00 03 04 04 02 01 02 02 02 01 03 02 03 00 02 04 02 04 03 02 02 01 01 00 03 04 04 03 01 03 02 05 05 01 03 02 02 03 01 01 01 05 03 03 03 03 05 02 01 02 01 01 02 05 02 01 00 01 03 02 02 05 04 03 03 03 04 
14 10 16 16 15 08 09 06 07 04 03 03 02 04 03 03 00 04 02 03 02 01 03 01 04 01 02 04 02 03 03 03 03 03 00 01 06 02 02 02 04 03 02 03 02 01 03 03 04 03 02 03 05 05 01 02 00 01 04 02 03 04 04 01 02 07 02 03 02 02 01 02 04 03 01 03 02 03 03 04 01 02 01 02 04 01 02 01 01 04 03 01 02 03 06 04 02 02 03 01 
15 14 08 09 05 07 05 08 10 10 03 17 24 13 15 08 05 14 02 04 05 04 10 03 04 06 05 04 03 06 07 07 02 01 02 04 05 03 05 05 02 02 06 03 02 02 04 03 04 02 00 04 03 03 02 03 01 01 02 03 04 03 05 03 02 03 01 06 03 04 01 01 02 04 03 02 04 04 03 03 01 00 04 02 04 05 01 04 01 05 05 03 01 02 04 01 00 01 01 04 
18 14 05 07 07 06 05 09 05 01 01 04 04 02 02 02 03 02 01 03 05 04 02 01 04 03 04 02 02 00 04 02 04 01 03 03 02 04 04 01 02 00 02 03 01 00 06 03 01 02 01 00 02 03 01 05 03 03 02 05 03 05 02 02 02 03 01 01 01 04 05 04 01 06 04 02 06 04 04 02 03 02 03 02 00 04 01 01 01 02 02 02 04 03 01 01 04 04 01 01 
15 09 08 10 05 05 06 13 03 04 04 09 03 06 04 04 02 03 02 02 02 01 03 05 02 03 01 03 04 02 03 04 02 02 00 00 00 02 01 02 03 04 03 02 02 03 03 01 00 05 05 03 02 03 01 06 01 03 05 03 00 02 02 00 02 04 03 00 00 04 01 02 01 02 02 04 01 02 02 04 01 00 02 03 03 03 03 03 02 02 03 01 01 01 03 02 02 02 02 02 
08 08 08 12 14 06 15 04 08 05 10 06 07 12 22 12 14 09 08 12 07 12 04 02 04 07 05 10 05 06 03 04 14 08 04 06 07 05 01 04 01 01 01 03 01 03 04 03 02 04 02 01 02 04 02 01 01 05 04 01 05 01 03 05 05 02 03 06 01 02 04 04 03 03 01 03 01 01 01 02 04 01 04 02 01 03 02 00 03 03 02 03 01 04 01 04 04 01 03 02 
05 10 09 05 08 08 04 06 02 02 05 04 01 06 05 02 01 05 04 02 06 01 04 03 03 04 03 02 03 03 04 04 01 05 03 03 01 03 01 03 04 03 03 03 01 03 05 05 02 02 02 02 03 03 01 02 05 02 03 02 01 06 02 02 00 02 01 02 06 05 02 02 03 02 07 02 04 00 03 03 04 04 00 02 04 02 02 07 04 02 01 05 04 05 02 00 07 02 02 06 
17 04 12 15 08 12 09 10 10 09 10 07 10 07 10 13 10 11 08 20 17 14 13 11 15 08 09 10 02 05 06 02 06 03 02 04 00 01 04 02 02 02 05 01 00 02 03 03 04 01 04 01 05 02 00 04 02 02 02 01 03 04 04 04 00 04 03 01 03 01 02 01 03 01 04 01 00 01 01 03 03 05 02 02 00 04 01 05 02 03 03 01 01 02 04 02 02 03 01 02 
15 16 09 11 16 07 08 03 11 13 08 04 08 16 05 07 09 05 07 07 12 13 05 05 02 02 02 02 04 03 00 02 02 01 03 03 01 03 04 04 05 01 02 02 02 02 03 03 02 01 01 03 04 02 02 01 00 01 03 03 05 02 04 03 02 04 02 01 01 01 02 01 02 02 03 00 01 05 04 01 04 01 03 02 03 02 02 01 03 02 03 01 00 03 01 03 02 03 05 02 
04 06 02 08 11 01 05 04 05 07 05 03 04 02 05 08 05 03 03 05 02 03 01 04 01 03 02 04 04 02 03 01 03 02 02 03 03 03 02 02 05 05 02 01 01 02 01 04 03 00 03 04 01 01 01 01 02 05 02 00 02 04 04 05 01 02 00 04 00 03 00 04 00 02 03 02 03 05 04 02 03 02 02 06 06 02 01 03 05 05 03 04 04 02 05 05 03 01 03 01 
11 04 07 13 04 04 03 02 04 05 07 01 04 01 04 03 03 01 00 03 02 03 00 01 04 01 05 01 01 01 02 06 00 03 01 03 04 03 04 02 00 02 03 06 01 01 06 01 01 02 01 02 02 01 00 02 03 03 03 04 04 05 03 03 02 02 03 02 04 03 02 02 04 02 03 03 04 03 01 01 03 04 03 04 00 01 03 02 02 04 02 02 03 04 02 01 02 03 03 00 
14 06 04 01 06 10 15 14 09 01 04 02 06 07 03 01 00 04 02 02 01 04 00 01 05 04 02 02 06 03 01 01 05 02 05 03 01 03 01 02 03 03 02 01 03 00 06 04 02 04 03 03 03 04 00 04 01 04 04 01 03 03 03 02 07 01 02 04 07 03 00 02 02 03 01 04 01 03 02 05 02 04 01 04 02 06 06 03 02 01 03 02 04 01 03 03 03 01 01 03 
10 08 07 16 08 05 08 06 11 03 05 03 14 08 12 06 04 03 03 02 05 04 06 03 04 05 03 03 01 00 01 00 03 01 03 02 01 02 04 02 02 04 01 06 02 02 03 04 00 02 03 03 03 02 03 02 02 04 01 02 01 02 02 03 03 02 02 03 05 02 01 03 04 01 03 02 00 02 02 02 05 02 03 03 05 05 01 04 03 03 03 01 04 02 03 01 03 03 04 01 
06 08 09 01 06 06 06 06 06 07 04 06 04 03 03 03 01 01 02 03 03 01 02 01 01 04 02 01 02 02 04 04 02 01 03 01 03 04 01 05 02 02 04 03 11 11 03 06 11 01 02 01 04 03 01 02 04 03 02 03 04 00 00 01 02 04 03 04 04 04 03 02 00 02 02 03 06 01 03 00 00 02 04 01 03 04 03 02 03 04 05 02 03 02 02 04 03 02 03 03 
09 11 08 06 03 08 03 04 05 03 04 03 03 02 02 03 02 03 03 00 03 01 01 05 04 01 03 01 04 01 04 06 01 00 02 03 02 04 02 04 04 03 03 03 00 02 04 02 02 07 02 02 04 02 00 02 04 01 00 01 02 01 01 01 03 02 07 03 00 02 03 03 03 02 03 01 01 02 00 03 03 01 03 02 03 02 03 01 02 05 01 04 04 01 02 03 00 01 01 03 
07 12 18 12 09 12 12 04 09 09 08 12 09 18 13 17 04 05 09 06 06 04 04 04 04 02 04 05 03 02 03 03 05 04 00 03 03 06 04 04 04 06 02 01 04 04 04 02 01 02 01 02 02 02 02 00 01 02 05 05 00 04 02 00 02 03 01 00 03 03 05 02 05 04 03 01 03 03 01 01 03 02 04 05 04 01 02 01 05 01 02 02 01 01 02 02 01 04 02 03 
12 12 16 11 01 09 10 10 10 06 08 05 07 08 04 01 03 02 04 05 01 05 03 04 01 02 01 06 02 03 01 01 03 05 02 02 04 05 02 01 02 04 01 01 00 04 00 00 02 00 04 03 04 03 03 03 03 01 02 01 01 00 03 03 03 02 02 03 06 02 03 01 02 05 03 05 03 04 04 00 03 02 01 04 03 01 03 02 02 02 01 02 03 01 05 03 02 01 01 05 
14 09 10 11 13 07 06 17 10 05 11 13 10 04 10 14 09 11 04 04 04 12 05 03 11 04 01 06 08 08 04 02 02 02 05 04 03 02 03 03 01 01 01 01 03 04 06 04 06 02 03 02 00 00 02 05 03 02 00 02 02 05 02 04 02 00 02 01 04 03 03 05 03 05 05 00 01 04 02 04 02 01 04 03 00 02 03 02 03 03 05 03 00 06 03 05 02 00 04 03 
