04 10 05 04 06 08 05 06 02 03 03 04 01 04 02 03 04 01 02 04 00 02 02 03 01 03 01 02 03 02 00 02 03 01 02 02 02 02 04 01 00 00 02 06 03 06 04 01 03 05 03 02 04 01 02 02 03 02 02 01 01 05 03 04 01 03 02 03 02 08 03 02 04 06 00 02 00 03 02 03 01 02 02 01 03 00 02 02 03 01 04 05 03 00 02 01 01 00 00 00 
14 08 09 10 04 04 02 05 04 05 05 05 01 03 04 00 01 02 03 04 00 01 05 03 03 01 02 02 02 02 04 01 04 04 00 02 03 03 04 01 01 04 04 06 02 03 03 01 02 03 01 02 04 02 02 00 01 03 02 02 03 03 02 01 04 03 06 00 02 03 02 02 00 03 03 02 00 03 02 01 03 01 01 02 01 03 01 03 00 02 03 00 02 02 03 04 03 04 00 00 
08 07 11 07 02 03 04 02 06 05 03 00 01 00 03 01 03 02 01 01 02 00 02 02 03 02 03 02 01 02 03 04 03 02 01 02 02 01 02 04 03 02 03 01 02 02 02 02 04 03 02 04 04 00 01 01 04 03 03 02 02 04 02 02 02 04 04 01 01 02 00 02 03 01 01 00 03 01 01 01 00 01 03 01 01 03 00 00 02 02 03 01 03 02 00 01 03 05 03 00 
08 01 02 10 11 03 04 01 04 08 04 01 03 04 01 02 02 01 04 03 04 03 02 01 02 05 05 02 04 02 00 02 01 03 01 01 05 01 02 03 03 02 00 03 02 00 04 00 03 04 00 01 03 03 00 00 02 00 04 02 01 02 02 02 00 01 03 04 02 02 04 01 02 03 00 03 00 03 02 03 02 02 02 02 02 00 02 01 04 01 03 00 01 00 02 01 02 00 03 02 
02 03 01 00 03 00 03 02 06 09 05 02 03 03 01 02 03 00 02 00 00 06 02 03 02 02 02 04 01 01 01 03 01 04 04 03 03 01 02 02 02 03 02 01 03 04 03 01 02 02 01 02 05 04 04 03 03 06 01 01 01 03 02 01 02 03 01 01 03 01 03 02 03 02 03 01 05 03 03 00 01 03 02 02 06 03 03 03 00 05 03 00 02 02 02 04 02 04 01 01 
08 06 01 13 08 02 10 02 05 03 01 03 03 03 01 01 05 04 03 03 04 04 02 03 02 02 02 00 04 03 05 02 02 01 01 02 03 03 04 06 04 05 03 02 00 01 00 00 03 03 00 04 02 00 02 02 02 03 01 01 03 02 02 00 05 00 00 00 01 02 02 03 05 03 01 03 03 02 03 03 02 00 02 04 04 03 01 02 00 05 02 02 05 04 04 00 02 04 01 01 
06 09 01 02 00 04 08 02 01 13 03 03 01 03 05 01 03 03 06 05 02 01 02 02 04 04 02 02 02 03 00 02 02 02 00 00 04 03 04 02 04 04 02 03 02 03 02 03 01 06 00 03 05 02 03 03 00 02 02 03 02 00 02 05 02 01 02 04 02 03 04 04 03 02 00 02 02 02 01 04 00 02 02 03 04 01 04 02 01 01 04 03 02 03 03 03 02 03 00 00 
05 07 03 03 01 02 03 06 09 08 04 02 00 05 07 02 10 10 01 04 01 04 04 02 05 00 02 02 03 02 02 02 00 01 02 05 04 02 02 00 01 02 01 01 02 03 00 02 04 03 04 06 03 02 06 03 03 00 02 03 03 03 01 01 03 02 01 01 03 03 00 01 03 00 03 02 04 02 01 00 03 02 01 00 01 02 01 01 03 02 04 03 01 01 01 02 02 02 03 01 
04 02 02 01 02 02 01 01 04 00 00 01 02 00 00 02 00 01 02 02 00 02 02 02 02 02 01 02 01 02 04 03 02 01 01 04 01 04 01 01 00 01 02 02 02 04 02 02 02 00 04 02 05 01 03 04 03 04 01 02 02 00 01 04 01 03 04 02 01 02 00 02 06 02 02 02 03 02 02 00 04 01 03 02 00 02 02 02 01 01 02 02 03 02 03 03 03 02 06 02 
07 17 07 05 02 01 00 04 03 02 00 10 03 08 06 03 00 02 01 01 00 00 01 03 01 01 03 02 01 01 01 01 05 02 01 01 03 03 02 02 02 02 03 03 04 07 02 03 01 04 02 00 01 06 02 02 02 01 04 02 03 03 02 00 03 00 01 03 03 04 02 05 01 05 01 01 03 01 01 02 05 04 02 02 01 05 01 03 02 03 03 02 04 03 02 01 02 02 01 00 
05 02 05 01 04 01 07 03 04 03 05 04 02 03 02 06 03 04 02 03 01 01 05 03 04 02 01 02 01 01 02 01 03 05 03 02 01 01 04 03 03 02 03 04 01 00 02 01 01 04 01 03 00 04 01 01 01 01 04 03 04 03 03 03 02 02 00 04 00 01 03 01 02 01 03 04 04 01 03 00 01 01 04 01 03 01 00 02 05 03 03 02 01 01 01 01 05 02 02 02 
08 04 05 02 00 06 19 12 07 07 01 04 17 08 06 06 08 03 04 05 01 00 02 03 03 03 02 03 00 03 02 03 02 01 04 03 00 02 01 01 02 01 02 01 02 02 02 04 02 02 02 00 02 02 02 03 01 03 02 03 01 02 06 01 03 05 02 03 00 01 01 02 01 04 03 04 01 02 02 01 02 01 05 00 00 02 03 00 02 03 02 02 02 01 01 03 03 03 01 02 
11 08 04 01 08 03 04 00 01 00 03 02 05 03 00 01 00 05 02 00 00 02 02 01 01 02 01 02 03 02 04 05 00 02 02 01 02 05 04 02 04 04 01 02 00 02 03 03 01 03 00 01 02 02 03 02 02 01 01 02 02 03 01 05 05 03 02 02 04 02 01 04 02 03 04 02 02 02 04 00 01 05 03 01 02 04 02 02 02 04 03 05 01 01 03 02 01 04 01 02 
03 06 11 04 02 03 04 05 04 05 02 07 00 09 03 03 10 09 08 09 03 01 04 01 03 05 04 00 03 02 02 02 04 04 03 05 03 02 02 01 02 01 04 03 04 01 03 02 01 00 00 03 01 03 01 00 03 02 01 04 02 04 02 04 04 01 03 01 01 00 03 02 04 03 02 01 03 03 02 01 03 02 01 01 03 04 02 04 00 04 02 04 01 03 01 01 03 02 00 02 
08 00 00 02 03 04 09 02 06 03 00 03 03 07 00 05 06 08 02 01 05 05 04 05 02 04 05 03 03 03 02 07 08 02 09 02 01 02 03 02 01 00 02 02 02 01 02 00 01 03 02 04 02 02 01 02 01 01 02 00 02 02 01 03 02 03 03 01 01 02 02 01 04 00 00 03 02 05 01 01 01 02 01 03 03 03 05 02 01 02 02 05 02 02 00 03 02 02 03 02 
12 10 09 03 13 18 18 09 01 05 04 02 03 06 04 04 03 02 02 04 02 02 05 03 04 03 04 04 03 01 00 04 01 02 03 05 02 04 01 00 02 02 03 02 03 02 01 03 02 02 00 01 02 04 02 00 01 00 03 05 03 03 04 04 04 04 01 00 02 02 03 02 00 02 03 04 02 03 01 03 01 01 04 01 01 05 04 02 01 01 05 00 01 04 00 00 00 00 00 00 
04 05 03 00 06 10 04 06 06 16 05 03 07 01 07 01 02 08 02 06 11 05 07 03 03 01 00 03 03 02 01 04 01 00 00 01 04 04 03 02 02 03 02 02 03 00 04 03 03 02 02 00 01 04 01 01 01 00 02 02 02 02 03 02 02 01 02 03 03 02 01 00 03 01 00 03 02 02 02 01 01 03 02 03 01 03 04 03 04 01 03 04 03 02 03 04 02 01 00 00 
06 01 00 13 08 01 05 07 06 01 02 07 02 02 03 05 01 03 03 01 04 03 02 03 04 01 03 03 02 01 02 01 00 04 02 00 01 04 03 00 01 02 02 03 01 04 02 01 02 03 02 02 05 02 03 03 04 02 03 01 03 01 02 00 01 01 06 02 02 01 03 02 05 01 02 01 01 03 02 03 00 01 02 02 03 00 02 02 01 04 01 03 01 01 04 01 03 00 02 00 
09 10 03 01 02 01 01 00 02 06 01 02 00 02 02 01 01 01 06 04 06 01 03 03 03 03 02 07 03 02 01 02 02 02 03 03 01 00 03 03 00 03 01 00 03 03 02 02 02 03 02 04 01 01 00 02 03 02 02 02 04 03 03 04 01 01 00 01 02 01 02 03 03 02 05 01 03 03 03 02 02 00 01 02 03 01 02 01 01 00 01 01 02 05 00 01 01 01 03 02 
07 03 05 03 03 02 02 00 04 05 01 01 04 00 01 01 02 03 05 03 04 01 01 03 02 03 03 04 04 06 04 01 01 01 03 01 03 05 03 01 01 02 02 00 00 03 01 01 03 03 02 02 03 05 02 01 03 04 02 02 00 02 01 02 03 01 02 02 01 01 01 01 01 01 05 01 02 02 04 04 02 01 01 01 02 05 01 02 00 02 01 04 01 01 01 04 05 03 02 02 
16 02 01 04 03 01 00 01 06 10 01 01 04 04 01 03 02 02 00 01 04 02 02 01 03 03 04 02 03 00 01 03 03 02 01 02 01 02 03 00 02 04 04 04 02 02 03 02 00 02 02 03 03 02 05 01 00 02 02 02 00 06 01 01 01 04 04 01 04 02 03 01 02 02 03 03 02 01 02 02 02 02 03 00 01 01 03 01 00 01 03 02 02 01 02 03 03 02 02 00 
09 10 04 04 07 04 03 08 04 00 00 02 01 00 00 02 01 01 03 01 01 01 02 03 02 01 02 02 02 05 00 02 03 01 00 00 04 02 03 03 01 01 00 04 03 01 02 01 01 00 01 03 05 01 03 07 02 04 03 03 01 03 04 02 03 01 01 01 02 03 01 02 00 02 03 02 03 04 06 02 01 03 00 00 04 00 01 03 02 00 02 01 02 01 02 03 04 01 02 00 
02 00 04 04 02 02 00 02 00 00 01 00 02 00 01 03 00 03 03 01 00 01 04 01 02 02 05 03 02 04 03 00 03 01 01 01 03 01 02 03 01 02 03 00 02 01 01 08 03 02 05 03 04 00 03 07 03 03 02 03 04 04 05 03 03 02 03 00 03 02 01 03 03 01 02 02 01 03 02 01 01 01 04 02 01 02 00 04 01 03 01 02 03 02 01 02 03 02 01 04 
04 09 07 00 00 00 03 15 09 07 06 05 10 08 06 02 02 03 05 05 02 08 02 03 08 02 04 05 01 04 03 04 01 03 03 03 03 01 04 02 02 01 02 00 02 01 01 00 01 02 01 02 01 01 03 03 01 02 01 03 01 01 03 04 04 00 00 04 03 00 03 02 01 03 02 00 02 03 03 02 02 04 03 04 01 01 02 01 02 01 00 03 02 04 02 03 01 00 00 00 
02 01 02 04 05 05 02 04 04 08 15 05 06 05 02 02 07 05 03 01 11 16 04 03 05 02 09 12 06 00 06 00 12 04 03 02 04 04 02 02 00 03 03 01 04 02 04 04 00 02 02 02 01 03 02 03 03 03 01 01 02 01 00 06 03 03 03 00 02 05 00 05 03 02 01 03 03 03 01 02 02 02 01 01 00 02 02 06 03 01 01 02 06 02 02 02 00 02 02 00 
06 05 07 03 02 07 02 02 00 02 02 09 05 02 03 03 02 00 02 01 02 00 01 03 04 04 03 04 02 01 02 03 03 03 01 02 01 03 01 00 02 03 00 01 05 03 02 01 00 06 03 00 02 02 02 00 01 02 03 02 02 00 01 03 03 02 03 00 01 02 06 04 01 01 04 02 02 03 02 00 02 02 00 00 03 02 03 03 02 01 03 03 00 02 02 01 02 02 03 03 
10 03 09 02 07 06 08 04 00 00 00 00 02 01 04 02 02 02 06 01 01 03 02 02 03 02 03 03 05 01 00 01 00 04 01 02 04 00 04 04 02 01 00 01 01 01 04 02 03 00 03 01 03 01 03 04 02 05 02 00 02 04 04 00 01 03 02 04 01 02 03 05 03 03 03 03 01 00 03 01 04 01 00 04 03 02 01 03 00 01 00 01 04 01 01 03 02 03 02 00 
04 01 05 04 03 01 05 02 05 04 04 11 01 07 03 01 01 01 08 01 01 04 00 03 00 03 00 04 05 02 02 02 01 01 01 02 00 01 01 02 04 04 01 01 02 04 03 01 00 02 01 02 03 02 03 02 03 02 02 03 03 02 01 02 01 03 03 02 05 00 02 01 04 02 01 03 02 03 01 03 03 01 02 01 01 02 03 03 03 02 02 01 00 03 00 03 04 00 00 00 
05 00 00 00 01 01 03 02 11 04 04 04 01 15 14 03 15 14 04 00 03 04 02 01 02 05 05 08 02 05 04 02 02 08 03 01 03 02 02 05 02 05 03 01 01 02 02 04 03 01 03 01 02 02 01 05 01 01 02 02 02 03 01 01 02 02 02 01 01 01 01 01 03 01 01 02 00 03 03 01 01 02 02 05 01 01 02 00 00 03 01 01 00 03 01 01 01 03 01 00 
05 00 01 02 06 07 01 02 04 02 02 05 00 06 01 04 05 05 07 06 08 02 02 01 01 02 03 02 00 02 01 02 02 01 01 02 01 01 01 02 02 01 01 02 03 03 03 02 02 01 01 02 03 04 01 04 01 00 01 04 01 02 01 02 04 05 01 01 05 03 02 01 01 02 04 01 01 01 02 04 01 03 01 03 01 03 00 04 04 00 02 00 01 01 03 01 03 00 03 00 
05 17 01 06 07 07 04 08 04 03 03 02 05 02 02 05 02 01 03 02 01 01 02 01 04 03 02 00 00 03 03 04 02 03 03 01 04 04 00 03 03 02 02 02 01 02 03 03 00 01 01 02 02 05 03 02 05 02 02 02 01 03 03 02 04 04 03 01 01 04 04 01 02 04 01 00 03 02 02 03 02 01 02 01 02 01 01 01 01 00 00 03 02 01 01 03 03 00 00 00 
07 02 03 01 00 02 03 03 00 00 01 01 00 02 03 02 02 05 04 02 02 00 02 00 02 03 05 01 02 04 03 02 02 05 03 03 02 03 01 00 02 02 00 03 02 00 02 01 02 03 01 00 02 03 00 01 03 06 03 01 01 04 02 02 03 02 04 02 02 03 00 02 05 02 01 03 02 04 05 02 03 00 01 04 02 04 02 02 03 01 02 04 01 01 03 03 06 00 01 00 
02 01 02 02 01 03 04 08 09 08 05 04 05 04 03 01 04 02 02 02 04 00 02 03 02 00 04 02 02 00 01 01 03 02 04 00 03 00 04 00 02 05 03 02 05 01 03 02 02 05 03 02 00 01 00 01 01 02 02 02 01 02 02 03 02 04 03 02 02 04 02 02 01 03 01 02 03 00 02 03 01 05 04 05 01 03 03 02 00 02 03 01 02 01 01 01 01 03 02 02 
04 00 01 00 01 05 02 05 04 01 02 00 01 01 02 00 05 02 03 02 04 05 03 02 03 01 02 03 01 01 02 04 00 05 04 03 02 03 02 01 01 02 01 01 01 04 04 00 02 02 03 01 02 02 04 05 02 04 03 02 04 03 02 05 01 02 00 02 03 00 00 03 05 03 02 02 01 03 05 02 04 01 00 00 01 01 03 03 04 01 02 01 01 03 03 03 03 01 02 02 
06 08 08 01 02 06 01 01 00 02 02 01 00 02 02 00 05 02 02 04 01 02 03 03 03 00 01 04 02 01 01 02 01 00 02 01 01 00 00 03 04 01 02 04 02 00 04 01 01 02 01 02 04 03 00 04 02 01 03 01 03 03 02 04 03 02 03 04 02 02 03 01 02 02 01 02 01 01 01 02 00 01 04 03 01 01 03 04 01 01 02 03 02 02 01 04 06 03 03 01 
01 08 06 09 11 01 07 05 04 08 11 06 02 00 02 01 01 02 05 10 04 05 10 05 04 03 00 02 02 08 00 00 03 01 03 01 02 03 03 04 01 02 01 01 02 02 00 01 00 02 05 00 02 01 04 02 02 01 00 02 01 00 01 03 02 02 01 02 03 02 01 02 01 03 02 00 01 01 01 02 05 01 02 01 01 00 04 05 02 02 01 04 01 03 00 02 02 00 03 02 
11 08 07 24 10 10 04 02 05 00 05 05 21 21 16 10 02 04 08 08 06 09 02 12 06 02 03 05 03 04 05 03 08 02 09 00 03 06 02 06 08 02 03 03 07 03 01 01 01 00 03 03 04 01 02 04 03 02 02 01 03 02 02 03 00 03 06 04 01 04 00 02 02 02 01 01 00 03 04 02 02 01 02 03 01 03 02 03 03 04 05 04 04 03 03 02 02 03 05 01 
13 08 03 03 00 06 03 08 01 05 02 01 04 00 02 01 02 02 04 05 03 02 03 02 02 03 01 01 01 00 02 02 01 01 01 00 03 03 01 02 03 01 04 01 00 02 03 01 01 02 01 03 04 06 04 04 03 03 00 02 03 02 02 03 00 02 02 03 00 01 03 02 02 04 02 00 01 01 04 02 01 04 01 01 02 01 02 01 03 01 03 01 01 00 03 00 02 01 04 02 
07 08 04 04 11 08 08 01 01 05 03 01 01 04 05 01 04 03 01 02 04 04 03 03 03 00 03 00 04 02 06 02 04 01 01 03 01 01 01 04 02 01 02 01 01 00 00 04 01 01 03 02 01 04 00 02 02 00 00 02 01 02 03 01 01 03 02 01 01 03 02 02 02 02 01 03 00 04 03 01 05 01 02 01 01 01 01 02 04 01 02 04 03 04 02 02 00 02 03 03 
04 00 03 00 00 00 06 01 01 08 08 05 07 04 03 02 03 05 02 02 03 02 02 01 00 03 04 02 00 02 03 02 01 03 06 00 02 04 01 00 00 03 02 01 03 03 02 04 03 01 03 01 02 02 00 03 02 03 02 02 04 05 02 02 02 02 03 02 00 04 02 02 03 03 02 00 00 03 02 03 02 02 02 00 03 03 02 00 02 02 05 00 01 00 03 01 01 03 03 02 
07 03 07 02 10 02 01 00 02 01 04 04 00 01 01 03 02 03 05 01 04 01 01 02 01 01 02 04 03 04 01 03 02 03 03 02 01 02 01 02 02 03 04 03 00 03 03 02 04 02 03 05 04 01 01 03 00 02 02 01 04 01 06 01 03 04 02 02 02 02 02 03 01 03 02 00 01 00 03 01 02 01 02 03 03 02 03 04 04 03 02 01 03 00 01 04 02 03 02 01 
04 06 05 09 02 03 01 00 02 10 01 04 01 04 05 05 00 02 04 01 00 02 03 02 01 04 02 01 01 03 02 01 01 03 03 07 01 00 04 00 03 02 02 03 02 02 02 01 04 03 02 01 02 02 01 01 01 03 01 05 03 02 01 06 03 01 03 03 01 01 03 04 03 00 03 01 02 03 04 00 03 02 04 01 04 01 02 01 02 02 02 01 03 01 00 02 03 03 02 03 
05 04 05 06 01 07 01 01 01 04 17 14 07 04 13 12 07 06 05 06 03 01 03 06 02 06 02 01 02 00 03 05 02 04 00 03 01 03 03 01 02 04 03 03 01 02 02 02 00 05 02 01 03 00 02 03 01 05 02 01 01 01 04 01 02 00 01 03 04 01 01 01 01 02 03 02 04 02 01 04 03 04 02 04 01 02 00 03 02 02 03 02 03 05 03 02 02 02 04 05 
04 04 02 03 05 00 03 02 01 06 03 03 03 01 02 03 01 01 00 01 01 03 04 04 02 01 02 03 03 01 02 00 03 00 01 04 05 01 03 02 01 01 03 02 00 01 05 00 02 01 04 02 02 01 01 02 03 02 01 01 01 02 03 00 02 01 03 00 03 01 02 03 03 01 01 01 02 03 01 00 02 02 02 01 00 02 02 02 01 00 04 01 02 02 03 03 03 02 03 02 
08 05 06 04 12 02 04 05 11 04 02 09 05 00 08 01 00 07 04 04 00 03 04 00 05 04 03 05 05 02 01 01 02 03 03 03 04 04 01 04 01 01 00 03 02 02 03 03 02 03 01 04 01 02 01 01 01 00 01 06 01 02 04 02 03 03 03 02 01 02 02 02 02 01 00 02 02 01 02 03 03 02 05 01 02 01 02 02 02 03 01 02 02 02 01 01 01 05 02 03 
04 11 14 02 23 11 04 00 02 13 03 03 02 02 02 04 02 00 04 06 00 04 03 01 02 02 02 00 02 02 01 01 04 01 00 01 03 00 02 01 00 01 03 04 01 03 03 01 02 00 03 01 03 01 06 03 00 02 02 00 02 03 02 02 03 00 01 04 05 01 03 00 02 02 01 03 05 03 03 01 03 05 03 04 01 04 03 03 03 04 03 04 01 06 03 01 02 01 00 00 
01 00 01 12 00 02 03 04 02 02 02 00 01 01 01 05 01 02 04 05 02 02 02 02 01 01 00 01 02 03 01 02 02 02 02 05 01 02 04 04 01 03 01 01 02 02 01 00 02 00 01 03 03 03 02 02 04 01 04 03 04 01 02 01 01 03 01 02 02 04 03 01 01 03 00 00 04 04 02 03 01 00 01 01 01 02 04 03 00 02 02 00 03 01 04 02 03 03 01 03 
01 11 23 18 05 10 00 02 04 01 01 03 01 03 02 02 01 03 04 01 01 03 01 02 04 01 02 04 00 03 03 01 03 02 03 03 03 01 00 02 00 03 03 04 02 04 04 02 03 03 04 01 02 01 01 03 02 02 01 04 01 03 03 01 04 03 01 00 04 01 02 02 01 01 00 01 01 01 01 02 02 03 01 01 01 03 03 03 01 02 02 04 03 04 01 02 01 02 02 03 
09 06 04 06 04 03 16 12 05 01 08 10 00 03 06 03 01 03 02 02 03 04 02 01 02 00 01 03 03 02 05 02 03 03 00 04 02 02 00 01 01 01 03 00 02 01 01 03 02 00 01 01 03 02 02 00 03 01 03 00 04 01 05 06 02 03 04 03 02 03 05 01 02 03 04 02 07 03 01 02 03 03 02 01 03 01 04 03 03 00 00 04 02 01 03 01 02 03 02 01 
02 03 05 09 14 02 03 03 02 03 01 02 00 02 02 01 06 10 04 06 03 02 17 18 14 12 05 05 05 04 03 06 04 04 04 06 03 03 03 00 05 01 00 00 02 02 02 02 01 02 04 01 02 02 03 01 00 06 01 02 03 01 01 05 03 02 01 02 01 03 01 03 01 01 02 02 00 02 02 00 02 00 00 01 01 01 01 02 01 02 02 02 04 02 05 02 01 04 02 04 
06 01 03 06 03 00 03 02 00 06 04 03 00 03 03 01 03 00 02 02 00 02 03 01 01 01 04 01 02 02 03 01 04 01 01 05 02 02 03 01 02 02 03 00 04 05 01 03 01 08 02 02 01 06 01 02 04 03 03 03 02 04 05 02 02 02 03 02 01 02 02 06 03 01 02 00 02 03 02 02 02 01 02 00 01 05 02 03 04 04 02 03 04 01 00 02 02 01 02 02 
06 07 08 03 03 00 04 07 07 04 16 16 10 04 02 08 08 04 08 01 00 01 02 05 03 02 03 06 05 04 06 02 01 07 03 05 01 00 04 01 01 02 02 02 05 01 02 04 03 02 04 03 00 00 01 01 03 06 02 03 01 02 02 05 02 01 02 03 03 03 03 01 02 01 00 01 02 02 01 02 02 03 03 02 02 01 02 01 01 02 03 05 02 00 03 03 01 00 03 01 
02 01 12 03 08 10 09 08 05 06 04 02 03 03 04 04 01 01 03 04 02 08 04 05 03 00 03 03 05 02 02 03 01 03 00 01 03 02 01 03 02 01 04 01 04 02 02 00 03 00 00 00 02 00 02 01 01 03 02 03 00 03 00 02 00 02 01 03 02 01 01 00 02 01 03 01 03 02 01 02 00 01 00 02 04 01 01 02 02 04 03 01 02 02 04 03 02 02 00 00 
10 08 14 03 05 01 01 02 03 05 04 08 07 06 01 02 02 02 03 05 01 02 05 01 00 03 01 05 02 03 02 00 02 03 01 04 00 04 04 02 01 03 04 05 00 00 02 00 05 02 08 01 04 05 02 00 05 03 02 03 05 02 02 03 03 01 04 04 02 02 03 03 02 02 04 03 02 02 00 02 03 00 02 05 01 02 01 03 03 01 01 03 02 01 02 00 00 00 00 00 
03 03 04 01 12 02 05 08 00 03 02 03 01 01 01 01 05 03 00 02 03 04 00 01 02 04 02 01 03 02 00 04 03 01 04 04 03 00 02 01 02 02 02 03 03 03 02 05 02 04 02 02 01 02 03 01 02 03 01 02 05 00 01 02 03 00 03 00 02 06 03 04 02 03 02 01 03 01 02 02 00 06 00 01 02 01 01 03 01 02 02 03 03 03 01 01 04 01 02 02 
06 06 05 10 02 02 01 08 01 06 03 01 01 02 02 02 01 01 02 02 03 00 03 01 01 05 02 02 01 05 01 03 00 03 02 03 01 03 03 03 05 02 01 03 02 04 02 04 04 02 02 01 00 03 00 01 02 03 04 02 04 03 01 03 02 02 03 01 03 03 01 01 03 01 02 02 01 01 01 02 03 02 03 01 01 03 02 01 02 02 01 03 04 00 02 02 03 00 00 00 
06 01 10 11 08 12 03 06 01 01 01 00 06 02 03 03 04 05 03 01 01 01 03 01 03 05 01 04 05 00 03 02 04 01 01 02 01 01 04 01 01 02 01 02 04 05 05 02 01 02 03 02 01 02 03 00 00 04 03 02 03 02 03 03 00 03 01 02 03 06 02 04 00 05 02 01 02 03 04 02 04 01 02 03 02 06 02 02 03 00 03 03 01 02 03 04 02 01 00 00 
07 04 05 08 02 06 03 01 04 05 03 00 02 00 00 05 01 00 02 00 01 01 01 03 00 01 03 01 00 03 03 01 01 02 03 05 01 03 02 00 02 01 02 02 01 02 02 05 02 00 01 03 01 04 01 02 02 01 04 02 06 02 00 01 01 02 03 02 01 03 02 03 02 02 01 03 04 01 01 06 02 03 01 02 04 02 01 00 00 03 00 02 00 03 03 04 00 00 00 00 
06 03 04 09 13 11 05 04 06 06 07 06 00 02 06 10 14 03 04 02 05 04 07 00 06 03 02 03 00 05 01 01 01 02 01 00 05 02 04 02 02 04 02 02 02 01 03 02 02 02 02 06 02 01 01 03 04 02 03 06 03 03 02 02 01 06 02 02 01 01 00 03 01 05 02 01 02 03 01 01 00 04 02 03 01 00 01 00 02 02 01 02 01 03 01 02 00 05 01 00 
09 05 08 10 02 05 12 11 12 00 01 03 12 02 09 08 01 03 00 08 12 02 01 03 07 00 04 02 01 00 02 02 00 02 00 03 01 03 01 02 01 00 00 01 02 02 00 02 02 03 02 01 01 02 01 03 04 01 03 02 00 03 01 01 01 01 03 00 04 03 01 03 04 01 05 03 02 02 03 05 02 03 00 02 01 02 01 03 01 03 03 03 01 00 00 00 00 00 00 00 
10 07 07 13 05 11 13 05 04 06 05 07 03 04 03 04 05 04 03 06 03 03 00 04 01 01 00 03 01 04 04 01 03 00 01 04 03 02 02 02 03 01 04 03 01 02 02 03 02 01 03 01 04 04 03 01 03 01 04 02 01 01 02 02 01 02 05 03 04 02 03 04 03 03 01 04 03 02 06 03 01 01 02 05 02 02 03 03 02 02 02 03 02 04 02 03 01 00 00 00 
03 01 00 00 02 04 02 03 01 01 00 03 03 02 04 00 01 03 02 01 01 04 02 04 03 03 01 02 02 00 01 03 00 01 02 01 06 03 01 03 01 01 02 02 05 00 02 03 02 01 03 01 01 02 00 03 01 02 03 03 02 03 01 02 00 04 02 04 00 04 02 01 03 03 01 03 03 00 01 01 02 02 00 03 01 05 02 03 04 01 02 03 03 03 01 01 02 00 03 02 
05 10 10 09 08 07 02 01 03 01 02 05 04 00 02 04 03 03 00 02 05 01 03 02 04 04 05 02 00 02 04 01 02 01 02 03 03 04 05 04 00 02 05 00 02 01 06 00 01 01 02 01 02 07 07 01 02 06 03 02 01 00 03 02 02 02 01 04 02 01 01 01 00 02 01 03 00 01 02 02 06 01 02 04 03 03 02 01 00 03 00 01 00 04 02 02 07 02 03 00 
13 07 11 04 06 04 06 05 04 03 06 02 01 03 01 01 03 03 03 01 05 04 05 05 03 01 05 03 05 03 01 03 02 00 04 00 03 02 02 01 05 01 03 02 04 04 02 02 01 01 04 04 02 02 01 01 01 02 02 01 02 04 05 01 01 04 00 00 04 04 02 01 03 00 02 03 01 03 03 00 04 02 03 00 04 01 02 02 04 01 02 02 03 04 02 02 04 02 01 00 
04 09 06 00 01 02 01 11 13 01 02 00 00 04 10 11 08 05 05 09 06 05 02 02 08 06 02 03 04 02 02 04 02 04 03 03 03 02 02 02 01 03 00 04 04 00 03 03 01 01 03 02 01 01 02 01 03 01 03 02 00 03 01 04 04 01 03 03 01 02 00 02 03 01 01 03 02 02 01 02 02 05 00 05 03 03 04 03 02 02 04 01 04 02 01 04 03 02 01 02 
02 03 11 04 01 08 01 02 05 00 03 00 02 01 00 01 02 02 01 03 02 03 01 03 01 04 01 01 04 02 04 01 02 05 02 00 02 01 03 02 01 02 02 02 04 02 02 01 01 01 01 03 04 03 01 01 04 06 01 00 06 02 02 02 02 03 01 03 00 02 00 01 01 01 03 02 02 00 02 02 04 02 03 01 00 01 00 02 02 03 01 02 00 03 02 06 03 06 04 01 
04 04 00 05 04 02 05 14 03 01 02 02 04 05 00 01 00 02 01 00 02 01 07 05 04 03 02 02 02 02 01 02 02 04 03 03 02 02 02 03 02 01 01 01 03 04 00 02 04 03 02 04 01 01 01 03 00 02 07 01 01 01 01 05 04 03 03 03 06 03 02 02 02 02 01 02 02 05 01 01 02 01 01 02 02 02 04 02 02 02 02 03 03 01 00 00 00 00 00 06 
06 06 06 02 01 00 02 09 01 02 02 01 10 06 06 06 05 04 00 01 08 13 11 13 14 00 13 05 03 02 03 02 01 01 02 02 01 02 02 01 01 03 04 03 02 01 02 02 02 06 01 03 02 05 05 01 02 00 02 05 02 03 03 03 01 03 02 02 01 04 05 01 02 01 03 01 03 01 00 04 04 01 02 02 04 02 03 01 03 01 04 02 03 03 01 05 05 01 00 00 
04 00 07 04 06 00 03 03 07 14 03 07 02 02 06 02 00 03 01 03 04 01 02 05 01 02 00 02 00 03 01 02 02 04 03 04 03 02 05 00 03 03 04 01 03 01 01 01 03 03 01 01 00 02 04 01 00 04 02 04 01 01 02 03 03 00 05 06 01 04 01 03 02 02 02 03 02 03 04 02 01 00 02 04 01 02 01 02 04 02 04 02 02 02 02 01 03 04 02 02 
06 09 05 01 10 10 04 04 00 04 04 03 00 01 03 03 03 02 01 01 03 01 05 04 03 02 03 01 01 03 04 05 02 04 04 02 02 01 03 02 01 02 03 03 03 01 02 03 04 02 04 02 04 02 02 03 03 05 03 03 04 04 03 02 02 01 02 03 00 03 02 03 01 02 05 02 03 05 00 05 02 00 01 04 03 03 04 02 01 01 02 01 02 00 02 00 02 03 01 00 
06 03 10 11 00 09 02 00 02 03 02 02 05 05 06 03 01 01 03 01 03 03 05 01 01 02 03 04 03 00 03 04 03 03 00 02 02 04 01 02 03 03 02 00 02 03 02 03 02 03 03 02 01 01 02 01 00 00 03 02 03 04 02 02 02 01 05 01 05 02 01 02 02 03 02 02 04 04 05 03 01 02 02 02 01 03 05 05 02 03 02 01 01 01 04 03 00 04 04 00 
05 02 10 15 05 00 00 01 02 05 00 04 03 01 01 02 02 01 08 01 04 02 01 02 02 01 01 02 00 05 04 01 00 03 02 01 02 03 02 03 03 01 02 01 03 01 03 03 02 02 01 03 03 03 03 02 01 00 01 02 01 01 03 02 04 03 01 03 04 03 03 01 03 01 01 04 05 02 02 04 02 02 01 02 01 04 02 06 02 01 02 00 03 02 02 02 02 02 03 05 
08 02 01 04 10 04 07 04 00 05 01 02 03 01 02 07 03 01 02 03 02 01 05 00 04 03 01 02 04 02 03 03 02 01 00 02 03 03 03 00 01 02 03 01 02 01 01 02 02 01 02 01 03 01 02 02 01 05 02 01 03 03 00 01 01 02 04 02 01 03 04 01 05 04 01 02 03 05 02 01 02 02 01 00 01 02 03 02 02 03 02 03 01 03 02 03 01 01 03 02 
09 01 05 01 00 06 09 03 02 02 01 00 05 02 02 01 02 02 00 00 05 01 01 03 02 01 01 01 02 04 02 02 02 02 03 04 02 01 05 02 01 01 02 02 02 01 01 01 04 05 04 04 01 03 04 00 01 02 03 01 00 01 02 02 00 01 00 03 01 02 03 02 01 02 02 00 01 03 02 01 04 03 01 02 00 00 00 00 01 02 02 05 02 04 00 04 01 01 01 03 
04 02 04 03 02 02 08 00 03 03 01 02 00 02 02 06 03 03 01 02 03 01 01 04 03 05 05 01 03 02 01 02 03 05 00 03 01 01 01 01 00 02 04 01 01 01 03 02 04 01 01 04 01 01 01 02 01 02 04 05 00 01 03 03 03 03 02 02 02 03 05 03 03 01 01 05 00 02 00 01 02 01 00 03 01 03 03 01 02 04 04 02 03 02 01 04 01 06 01 02 
13 21 04 05 01 06 08 01 00 05 01 04 02 03 02 01 07 05 03 03 02 03 02 02 02 01 01 01 02 02 00 04 04 02 03 04 06 01 03 05 04 02 01 02 02 02 01 02 02 02 02 03 02 02 01 01 02 03 04 01 03 01 02 03 01 01 05 01 01 02 02 01 02 04 03 02 00 01 01 00 01 02 04 01 02 05 04 03 02 04 03 02 03 03 03 02 04 02 00 00 
04 04 00 05 09 02 00 10 11 02 06 05 01 01 01 01 01 00 03 00 01 03 01 01 03 02 03 01 04 05 00 02 03 03 01 00 01 02 04 03 02 04 02 01 03 03 03 01 04 01 01 01 02 01 03 04 01 01 01 02 02 02 01 04 03 02 00 01 03 02 02 03 02 00 03 03 01 03 03 00 02 03 01 02 04 01 04 04 01 04 02 04 03 02 02 07 01 03 06 01 
04 04 02 00 02 00 08 02 04 01 01 02 02 02 02 03 03 03 03 02 02 01 02 02 02 03 03 02 03 02 02 03 04 01 00 03 00 03 03 01 01 03 04 01 02 02 04 03 01 02 05 01 03 02 05 02 02 02 02 02 03 04 03 02 04 02 03 01 01 01 01 03 02 01 01 01 01 03 03 01 03 00 01 03 03 01 02 02 01 01 02 02 02 03 03 04 03 02 04 03 
02 01 06 08 04 02 04 02 02 03 04 05 01 02 07 01 03 01 01 02 03 03 02 03 03 00 01 01 03 05 02 02 03 01 02 02 01 00 00 02 02 02 05 01 03 05 01 02 02 01 02 01 03 01 02 01 03 01 01 02 02 03 04 01 00 04 03 02 02 00 02 03 02 01 01 05 00 02 02 03 01 02 01 02 02 00 02 03 02 02 01 02 03 02 02 01 03 02 02 02 
03 03 04 01 04 03 00 00 01 00 02 02 02 07 03 03 02 02 02 00 01 01 02 03 01 01 02 00 01 04 04 00 04 00 02 04 03 04 02 01 01 02 01 03 00 04 03 02 00 02 02 01 01 03 01 02 03 04 04 04 03 01 04 05 03 02 03 02 04 00 02 03 02 00 03 02 00 01 02 04 02 01 01 02 03 02 01 06 02 04 00 01 01 01 02 00 02 00 01 00 
03 05 05 07 21 18 16 11 04 01 01 09 04 02 01 00 00 01 00 02 02 00 00 05 02 02 01 01 04 02 01 03 01 02 00 03 02 03 01 02 01 03 03 01 04 01 02 03 02 07 03 02 01 01 01 05 00 01 04 00 00 03 01 01 02 03 03 02 04 01 01 02 04 01 05 01 04 04 01 04 06 04 02 01 01 01 04 04 03 05 03 00 01 02 02 00 05 00 00 00 
04 02 02 04 00 05 02 01 02 00 01 01 02 04 01 01 03 04 02 03 03 03 03 05 01 03 01 01 01 03 02 02 04 03 00 02 01 03 01 01 00 01 04 03 01 02 02 07 02 04 01 03 03 04 03 06 00 02 00 02 01 03 02 04 02 02 02 01 01 02 03 04 01 03 01 01 08 04 02 05 03 02 03 03 04 03 01 04 00 00 00 03 02 01 03 02 00 00 00 00 
09 05 00 00 04 00 04 02 04 05 02 01 04 02 02 03 04 02 01 01 01 03 02 02 03 02 02 03 03 02 02 02 03 03 02 02 01 04 04 01 03 02 01 02 06 00 02 02 02 03 04 01 01 03 01 00 04 03 02 03 01 03 03 04 02 02 05 02 01 03 02 05 01 02 01 01 02 01 00 01 03 04 02 01 03 01 03 03 02 01 01 04 01 03 00 04 03 02 02 03 
05 08 00 00 01 04 02 02 01 03 03 00 04 02 02 02 04 03 02 03 03 03 01 02 04 02 01 03 03 03 03 03 02 00 02 01 02 05 03 03 02 01 03 03 00 02 03 03 02 04 02 01 04 01 04 03 00 00 02 02 01 02 01 02 00 01 03 03 04 01 01 03 03 04 01 04 04 02 01 02 06 03 03 04 01 04 01 06 01 00 02 01 02 05 01 04 05 03 02 01 
04 07 08 04 09 03 11 03 05 03 03 06 01 08 07 13 12 07 08 05 02 10 02 03 05 06 04 04 06 04 03 02 01 05 01 03 04 04 03 01 05 00 00 01 04 03 03 04 02 02 01 01 02 01 01 01 03 04 03 03 02 01 01 04 03 03 03 01 02 01 03 04 01 04 01 02 02 01 02 03 00 02 00 02 01 01 04 02 03 00 02 01 03 00 01 06 01 02 03 00 
07 03 02 01 03 00 02 06 02 00 11 00 01 01 01 02 02 06 02 02 00 02 01 06 03 01 01 03 02 02 00 03 01 00 02 01 03 01 03 03 06 04 03 03 02 01 02 01 01 02 02 01 03 01 03 02 01 01 03 01 03 00 01 01 02 02 02 02 01 02 00 03 01 02 02 02 01 02 01 01 05 04 01 00 01 02 01 01 05 02 02 02 04 01 03 04 00 00 00 00 
04 09 04 05 02 04 03 04 02 06 08 01 02 00 02 02 01 01 02 03 04 01 01 04 01 02 02 01 03 04 02 01 02 03 06 04 02 02 02 04 01 03 04 03 02 01 02 01 06 04 00 02 02 02 01 02 01 00 01 04 03 03 04 04 04 03 01 02 04 03 04 01 00 02 04 01 03 02 04 04 01 02 02 01 01 00 01 02 03 01 02 05 00 01 05 03 03 01 00 02 
10 09 03 00 02 01 03 07 04 03 06 01 03 06 01 10 05 14 14 10 08 06 03 03 05 02 03 00 05 03 06 04 01 07 03 02 02 01 01 02 02 02 01 03 01 01 00 03 00 02 02 04 00 03 02 01 01 04 02 02 00 04 06 01 04 02 03 01 02 03 02 01 00 01 03 01 02 00 01 02 03 01 04 01 00 02 01 03 02 01 04 02 03 02 05 00 03 01 02 03 
13 05 03 04 04 00 04 01 00 03 00 03 02 02 02 03 02 07 02 02 02 03 00 01 02 01 03 01 02 02 02 04 01 02 01 04 01 00 02 01 04 01 03 03 02 03 03 03 02 00 03 03 02 01 01 01 01 02 03 03 04 01 02 01 04 04 03 03 04 01 05 01 01 00 02 03 02 03 00 04 02 02 02 04 04 03 01 01 02 03 02 01 04 00 06 02 00 00 00 00 
07 14 07 01 01 06 00 04 02 05 05 00 02 09 06 05 16 09 08 01 01 01 03 01 03 02 04 02 03 03 00 03 03 03 02 01 05 05 03 03 03 03 03 01 06 04 02 02 02 04 01 04 01 03 04 06 02 02 04 04 01 03 04 02 02 00 02 01 03 03 02 06 03 07 02 02 01 02 02 00 02 01 01 02 01 01 01 04 02 03 01 03 02 01 01 05 03 02 03 03 
01 04 04 12 06 14 16 30 05 05 06 04 04 01 10 12 10 09 02 00 07 07 01 04 04 02 03 04 04 01 03 04 03 03 01 01 02 03 02 02 01 02 02 01 00 04 05 02 04 00 02 02 00 04 01 07 03 01 04 02 02 01 01 02 02 01 01 01 02 02 02 01 00 05 02 02 01 02 01 05 03 01 01 03 01 04 04 00 04 02 04 02 07 03 01 00 00 01 00 00 
09 03 01 00 04 02 01 04 00 07 03 01 02 09 07 02 00 03 00 04 00 01 00 01 00 01 02 00 02 03 00 02 01 04 01 03 02 02 01 02 01 02 01 02 02 04 02 01 02 04 00 00 01 03 02 02 00 03 01 02 03 02 03 03 02 03 04 01 03 02 03 00 04 02 03 02 01 03 02 03 00 02 03 01 00 00 03 01 03 02 02 02 01 01 04 03 03 03 00 00 
07 01 08 05 07 04 06 04 00 02 00 00 03 04 01 04 05 03 05 02 02 03 00 04 04 02 01 00 02 02 03 03 04 02 00 02 00 02 01 00 03 00 04 00 02 03 02 04 04 04 01 01 04 02 03 02 03 02 03 02 04 01 02 01 04 02 03 02 03 02 05 01 01 02 02 01 01 00 01 01 03 03 03 03 03 02 04 03 03 01 04 04 03 00 03 03 01 01 00 02 
05 04 03 02 04 05 04 04 09 06 03 02 04 02 01 04 03 00 03 02 06 02 04 02 02 02 01 04 01 03 04 03 01 02 03 04 05 01 02 02 02 00 02 01 03 01 04 01 02 03 03 02 03 01 00 03 04 02 01 06 01 02 02 03 03 05 04 01 02 02 02 01 02 00 03 05 00 02 03 01 03 03 02 03 03 03 01 01 01 02 02 03 01 03 03 05 04 03 00 00 
05 04 09 00 02 03 05 03 02 05 08 15 05 08 03 06 01 05 01 04 01 01 01 04 03 01 02 00 04 02 04 04 00 03 02 02 02 01 03 03 01 04 02 02 05 05 01 03 02 01 02 01 03 01 01 02 02 04 03 02 03 04 02 02 05 03 02 02 00 03 04 03 02 02 04 01 04 01 02 03 01 02 02 01 00 01 01 02 00 01 00 04 00 02 01 01 01 02 01 05 
08 10 03 13 04 02 01 02 04 01 01 01 04 01 00 03 04 02 02 03 02 02 01 01 03 02 02 01 01 02 02 00 01 01 04 05 00 01 05 02 04 01 02 02 03 05 03 05 03 02 03 01 02 07 02 03 02 02 02 01 02 04 01 05 02 02 01 02 04 04 02 05 00 02 02 03 01 04 02 02 06 01 01 01 02 01 02 02 04 00 03 02 03 03 02 00 04 01 03 01 
06 00 14 03 03 03 04 02 04 04 02 05 01 01 02 01 04 03 03 02 01 03 02 01 01 02 04 04 02 06 03 01 01 02 01 02 02 02 02 03 02 01 02 00 02 04 01 02 03 03 02 04 00 06 03 03 05 04 02 00 03 02 02 05 00 00 02 05 03 02 02 02 03 01 00 01 03 02 02 03 01 03 02 03 03 03 01 02 03 01 02 03 01 01 03 02 03 04 01 00 
09 02 04 03 03 03 01 02 08 06 01 01 04 01 03 04 04 01 03 03 02 03 00 02 02 01 02 02 03 01 01 03 01 03 01 00 02 02 01 01 02 01 02 02 02 05 01 04 01 00 06 02 03 01 00 04 01 01 03 01 03 02 03 01 03 02 01 02 00 04 00 00 04 03 02 03 04 03 02 00 01 04 02 04 01 02 02 02 02 02 01 02 04 01 04 04 02 03 03 04 
04 03 02 01 12 03 04 03 02 00 02 01 02 03 01 02 04 03 03 03 02 03 05 01 01 01 01 00 01 00 00 02 02 03 01 03 02 02 01 02 05 03 01 03 01 02 01 01 02 01 01 03 01 03 02 01 01 00 03 05 02 04 01 01 04 02 01 01 01 02 01 00 02 01 00 02 03 00 03 04 00 03 05 00 02 03 03 03 02 02 03 02 02 06 02 03 01 03 02 02 
06 05 05 01 03 03 07 06 02 00 02 05 06 10 01 04 12 04 07 06 11 03 03 04 02 04 13 03 00 04 13 07 08 08 05 04 02 02 04 02 02 01 02 01 02 03 02 04 01 03 05 01 06 04 01 02 00 02 05 02 01 04 01 01 05 02 04 04 01 02 02 02 02 02 04 02 02 03 03 03 02 02 01 02 04 01 02 01 00 03 03 02 02 02 01 02 05 04 00 00 
