05 17 08 12 23 01 14 00 02 08 07 02 03 05 20 01 02 06 02 06 04 01 02 04 02 05 03 02 04 03 02 02 01 03 01 03 06 01 01 04 03 01 00 05 00 05 00 04 02 01 02 01 02 04 02 01 05 02 01 02 01 01 00 02 01 00 02 04 02 01 02 01 01 02 02 07 03 03 00 03 02 03 02 01 03 02 02 02 02 03 02 02 01 02 03 03 03 03 03 01 02 05 01 01 04 02 05 01 03 01 05 03 03 02 02 03 03 04 02 04 01 03 04 02 02 04 03 03 04 01 03 03 03 04 05 02 04 06 01 02 01 03 01 03 06 01 01 02 02 01 02 03 03 03 02 04 02 00 04 04 01 01 04 03 02 01 04 03 05 04 03 06 07 04 02 05 04 02 04 03 01 01 02 00 01 03 00 03 01 03 
11 07 05 27 01 03 06 03 23 15 01 09 07 02 01 03 02 03 00 02 03 05 01 03 03 03 00 02 01 00 03 00 02 01 00 02 02 02 00 01 02 06 00 02 02 02 01 02 01 01 02 04 06 03 01 03 03 03 03 02 03 02 03 05 02 03 08 03 01 02 01 01 07 02 02 03 04 00 01 01 03 01 03 00 03 02 02 02 02 05 02 01 03 01 02 02 02 01 02 03 00 03 02 03 03 02 04 02 04 05 05 03 01 03 01 02 02 01 03 02 04 03 01 02 01 01 01 05 03 03 02 03 02 03 03 06 02 04 04 05 02 03 06 03 05 02 03 03 03 03 03 04 03 04 01 04 05 03 03 03 04 02 01 04 02 04 02 01 02 05 02 02 02 03 03 04 01 02 04 03 04 02 03 03 05 03 03 07 03 04 
20 28 09 06 47 03 07 04 04 03 07 01 03 05 01 01 02 03 03 03 03 04 01 02 04 03 03 04 01 02 02 03 03 02 02 02 03 02 02 05 02 02 01 03 02 02 04 01 04 05 18 06 11 04 01 03 04 04 03 03 00 04 04 05 04 01 01 00 00 04 05 01 00 02 03 05 05 04 01 02 02 02 04 00 03 01 03 04 02 01 03 02 02 01 05 01 01 02 03 07 03 02 03 06 03 02 02 04 01 01 03 02 04 01 03 03 05 04 04 02 03 04 03 02 04 02 03 02 03 01 03 03 02 06 05 02 05 03 05 04 02 03 05 02 05 03 04 04 05 03 01 02 03 06 03 05 03 03 02 02 03 04 01 05 01 04 03 02 03 01 00 02 02 04 03 03 03 06 02 02 04 05 04 03 02 03 05 01 00 01 
09 13 13 01 05 05 04 02 00 11 05 02 06 05 00 04 01 05 02 01 01 01 02 03 01 01 01 01 03 02 02 02 03 03 04 01 03 03 03 04 03 05 03 04 02 03 03 03 01 05 01 04 04 05 01 04 04 01 00 02 02 01 02 01 04 01 00 03 01 03 03 03 03 02 03 03 01 02 05 03 02 01 04 05 03 04 02 04 02 03 06 03 01 04 04 02 03 03 02 04 00 03 01 04 03 03 02 02 01 01 04 01 05 05 01 05 03 02 01 05 02 02 05 02 03 03 05 02 05 01 08 03 02 01 01 04 03 08 01 02 03 02 04 03 00 01 03 03 03 01 01 02 01 02 00 05 03 03 01 03 06 03 06 02 02 07 04 04 03 02 04 04 00 03 02 01 05 02 01 03 04 02 03 05 03 02 03 06 02 02 
11 37 14 46 25 15 22 09 05 03 06 05 00 03 04 01 03 01 04 00 03 03 04 01 00 01 04 01 04 02 02 04 07 03 02 02 01 03 02 00 01 02 02 02 00 02 04 05 03 03 04 00 01 00 03 04 02 01 01 02 01 02 04 03 05 01 03 05 07 03 01 02 05 03 02 03 01 01 04 02 01 02 03 01 01 02 03 02 02 03 05 05 05 04 01 07 02 01 01 01 02 02 05 01 01 04 02 03 02 04 04 04 03 04 03 04 02 01 03 02 04 03 02 01 03 04 03 01 04 01 06 02 01 02 03 02 02 03 02 03 03 05 02 03 01 02 03 03 00 03 03 01 00 03 02 01 05 04 05 01 01 03 01 01 03 06 03 02 01 01 01 03 03 04 04 04 01 03 05 00 03 01 01 04 02 03 03 02 02 02 
08 06 06 11 03 04 03 27 12 20 13 11 10 05 03 03 02 03 03 05 00 03 03 01 02 03 02 05 00 03 01 04 01 03 01 03 07 05 01 01 01 03 02 05 03 07 04 01 03 00 03 02 04 04 03 04 01 03 03 01 04 02 03 01 02 05 05 04 02 01 02 02 03 03 02 01 03 01 01 00 02 02 00 02 02 01 02 00 00 02 06 04 02 04 03 02 02 03 01 02 04 05 03 05 02 02 03 03 04 05 02 01 01 04 03 01 02 05 03 05 01 03 02 03 04 00 08 02 03 01 02 05 01 04 03 05 04 03 06 03 03 04 03 01 05 02 02 03 04 03 04 02 01 03 03 04 02 00 02 03 02 01 05 01 02 02 00 02 04 03 01 04 04 03 03 03 02 03 04 03 02 02 01 03 04 02 02 02 06 02 
17 01 10 04 05 07 19 06 07 01 02 05 04 01 02 01 00 00 01 02 03 01 03 03 03 02 03 00 02 02 01 05 02 02 03 03 02 01 02 01 05 01 02 02 01 04 04 04 03 01 02 01 05 01 04 04 04 02 01 01 01 01 03 02 03 01 02 02 03 00 02 01 04 01 03 03 03 05 01 02 01 03 05 03 02 02 01 02 03 02 02 04 03 02 02 02 04 02 01 02 02 02 04 03 02 01 02 00 05 01 02 01 03 04 04 04 04 00 04 01 00 03 02 01 04 02 02 04 02 03 04 03 03 05 03 02 01 06 02 03 03 03 01 04 03 03 03 02 03 02 03 03 02 05 03 04 03 04 02 03 04 03 02 03 01 04 02 01 04 02 02 05 03 06 02 03 01 03 03 01 05 03 01 02 04 01 03 03 01 03 
10 09 05 03 05 08 13 06 11 04 03 04 02 07 10 00 03 05 25 11 04 12 02 02 00 00 00 00 04 29 10 05 03 03 10 02 01 04 02 06 01 01 03 07 16 05 05 07 06 02 04 03 02 03 01 02 02 02 00 04 03 01 03 02 05 04 03 02 03 02 04 01 02 01 04 02 03 04 08 02 02 02 01 03 04 01 01 02 01 04 06 02 05 04 02 03 01 03 06 01 05 02 05 01 05 05 02 04 03 03 06 04 02 03 07 04 03 00 01 03 02 02 01 01 04 00 03 03 01 02 07 03 02 04 02 02 04 02 02 05 02 02 02 01 04 07 03 01 02 00 09 03 04 04 09 02 04 06 04 01 01 04 05 01 02 02 05 02 02 02 04 09 03 02 01 06 01 03 02 01 01 00 05 05 02 01 03 01 04 02 
21 09 23 21 08 11 08 05 03 03 12 08 01 00 04 20 20 50 02 02 03 10 08 13 04 03 02 03 03 01 01 07 05 00 04 02 03 06 07 03 01 03 03 03 00 02 01 03 03 04 03 03 00 03 02 01 02 03 02 02 04 02 04 05 03 00 02 02 02 03 02 04 04 01 01 04 02 01 02 02 01 03 03 02 03 02 03 03 03 03 01 02 03 04 00 03 02 05 05 02 03 03 08 02 05 04 04 06 01 05 00 03 03 04 04 01 02 06 02 04 03 04 02 01 03 02 03 04 01 01 03 06 02 03 00 03 02 02 04 04 06 03 04 03 06 01 03 01 03 04 00 03 04 03 02 05 05 03 00 05 02 03 01 03 03 02 03 01 06 01 02 00 04 03 02 02 00 04 06 03 03 06 03 03 02 05 02 01 02 03 
01 10 10 20 00 07 14 02 01 05 04 15 11 20 06 05 03 02 11 02 04 00 03 00 02 02 02 03 04 04 02 04 01 03 01 02 04 01 02 03 00 02 04 03 02 01 03 03 02 03 03 01 05 03 02 03 01 03 01 01 04 01 04 03 00 00 00 03 01 01 03 05 01 03 02 01 05 02 02 01 05 01 00 02 03 02 01 02 06 05 06 03 02 01 02 05 02 02 00 02 02 02 00 02 02 02 03 05 03 06 04 02 04 03 04 02 02 02 02 04 01 01 02 03 06 02 04 01 02 02 03 04 05 02 04 04 05 00 03 02 04 03 03 03 00 02 04 02 03 02 05 02 04 02 05 04 03 03 04 03 01 01 01 03 03 02 04 02 04 03 02 04 03 02 00 04 02 02 06 02 04 02 03 05 01 03 04 02 02 01 
19 05 16 03 03 04 06 02 02 01 02 00 02 01 05 02 04 02 05 01 01 02 01 04 03 02 04 01 02 04 01 04 00 01 03 01 02 03 00 02 00 02 02 02 02 04 00 01 03 02 02 03 00 03 01 03 05 04 00 02 01 01 03 04 02 02 02 05 04 06 02 00 01 01 04 04 03 01 03 01 04 02 00 01 00 05 02 04 04 02 06 04 02 01 05 03 00 03 01 04 03 04 03 03 07 00 02 05 03 04 02 04 02 02 04 04 02 04 03 04 04 00 04 03 00 04 04 02 02 05 03 03 02 03 01 01 03 01 03 02 02 03 05 04 01 01 02 02 03 02 02 03 02 02 02 04 04 02 04 01 03 03 02 04 03 01 02 02 03 02 02 02 02 02 01 03 01 04 01 03 01 01 03 04 01 04 01 03 02 03 
07 11 17 16 01 01 01 02 04 03 03 00 01 02 01 03 02 01 05 02 02 04 01 01 03 02 03 02 02 04 00 03 02 06 02 02 04 03 01 01 02 02 04 02 02 02 02 04 03 02 02 04 00 06 02 02 05 00 02 01 05 01 02 03 03 03 03 02 04 02 02 00 04 02 02 01 02 02 03 00 01 03 02 02 05 04 01 01 01 02 03 04 02 02 02 01 03 02 01 03 04 03 06 03 02 03 01 03 00 03 03 01 07 03 03 02 02 03 02 00 03 02 02 01 03 04 02 05 02 03 03 02 02 03 03 03 03 03 02 03 01 03 04 06 02 04 00 02 01 01 02 03 07 01 04 02 02 04 04 01 01 02 01 02 03 01 03 01 03 02 00 04 02 06 04 01 04 05 03 01 02 04 04 03 02 01 01 01 02 01 
10 03 04 08 04 03 02 01 07 03 05 02 02 01 02 04 01 03 01 03 05 01 03 02 05 00 03 02 01 01 03 01 02 01 05 01 03 00 01 03 02 02 02 05 03 03 02 02 01 03 02 04 02 04 05 05 03 01 02 03 03 04 07 02 03 02 01 03 03 02 05 03 04 00 02 05 04 03 00 06 02 02 03 04 03 00 01 01 04 01 04 03 03 02 02 06 02 05 04 04 01 06 06 07 00 04 02 05 04 02 00 00 06 03 02 01 02 04 03 01 02 06 04 01 03 05 04 03 03 02 04 02 02 01 01 02 03 04 01 01 02 04 04 05 02 03 06 01 02 02 02 01 01 02 02 06 02 11 08 06 05 05 15 11 10 12 04 03 05 04 00 03 05 05 02 03 02 04 06 04 02 00 02 04 05 01 02 03 02 02 
07 02 04 03 05 02 11 01 04 02 03 01 02 02 01 04 03 05 01 03 03 05 02 05 05 04 06 03 04 03 07 01 02 02 02 03 01 02 05 04 02 02 01 01 01 03 02 01 03 01 02 02 01 02 00 05 05 02 01 02 02 02 03 04 03 05 02 00 02 02 06 03 02 00 03 02 04 01 03 04 00 06 03 03 04 05 07 03 03 03 04 04 04 04 01 04 03 01 04 03 01 04 01 00 05 05 04 05 04 02 04 02 02 03 02 00 06 03 04 03 02 03 00 05 02 02 03 05 03 02 04 03 03 01 02 04 03 05 02 02 00 02 02 06 05 04 02 02 01 03 01 01 02 03 02 04 00 05 03 06 04 03 03 02 00 03 02 01 00 03 00 03 01 03 04 01 04 02 02 02 02 04 03 04 04 01 01 02 03 02 
10 02 05 02 11 06 14 06 04 07 05 01 02 01 04 05 02 01 03 01 02 03 05 01 04 03 01 03 00 02 02 04 01 01 03 01 03 01 01 01 01 01 01 02 02 00 01 02 00 03 02 02 04 02 03 05 03 01 02 03 03 01 03 02 04 01 01 02 01 03 02 01 03 02 02 02 04 01 03 01 03 03 01 02 02 03 02 05 04 04 03 02 02 00 02 04 04 08 02 04 03 01 03 03 02 01 04 02 03 03 06 02 03 04 02 04 02 06 03 05 03 01 06 03 01 04 03 03 01 01 03 02 03 04 03 03 04 03 03 01 00 01 02 04 02 03 02 02 04 01 02 04 03 03 04 03 02 00 04 02 02 03 01 01 04 05 00 05 02 03 03 03 02 01 03 05 03 01 02 06 01 02 04 01 04 03 01 05 03 05 
16 28 23 22 07 05 08 27 04 05 03 04 03 02 01 02 01 05 04 03 01 04 00 00 05 02 05 03 02 04 01 02 02 03 04 02 02 01 00 01 03 01 02 04 03 02 02 01 03 03 03 00 01 04 02 02 00 01 02 04 02 03 06 03 05 01 02 05 05 02 02 01 05 02 04 05 02 03 01 04 03 01 02 03 05 03 02 02 03 02 04 07 03 01 05 04 04 05 01 04 04 01 03 03 05 04 02 01 01 03 03 03 03 04 00 02 03 02 04 04 02 02 04 01 04 06 02 04 01 04 03 02 04 02 06 04 05 03 02 02 01 02 01 03 00 03 01 02 01 02 01 07 03 04 03 05 03 02 05 00 05 01 02 01 04 05 02 01 03 01 00 04 02 02 02 06 05 03 01 01 03 03 03 04 03 01 02 01 04 02 
12 08 25 07 02 00 05 18 07 11 01 03 05 25 13 02 02 05 03 06 02 02 02 02 01 00 06 02 01 02 03 04 02 03 02 04 03 03 02 00 04 06 02 03 01 03 02 02 03 00 03 03 02 01 02 01 05 05 03 01 01 00 04 03 01 03 03 00 04 02 03 04 03 01 00 02 03 01 04 03 05 01 06 01 04 04 02 05 03 03 01 06 04 03 02 02 02 04 04 04 05 07 08 02 06 05 03 01 03 02 01 02 03 02 02 02 03 00 05 03 06 02 03 01 00 03 03 06 03 04 03 05 03 06 03 02 02 02 04 04 02 05 06 04 03 01 04 02 03 02 05 05 02 02 05 05 01 02 05 03 02 05 02 02 02 00 05 05 01 03 02 04 03 05 02 04 00 02 02 03 04 02 03 03 03 04 02 02 03 04 
07 18 36 07 18 07 02 03 06 07 04 03 01 00 03 02 01 03 04 03 04 04 02 01 02 03 01 02 01 02 01 02 02 02 06 02 03 05 02 03 06 02 01 02 06 02 04 01 03 03 02 03 03 02 02 03 03 02 03 02 03 03 03 04 03 03 03 01 01 03 02 00 02 04 04 03 01 06 03 04 04 02 02 01 01 01 01 02 04 01 01 01 05 05 02 02 04 02 02 01 02 04 02 01 03 05 05 03 05 03 04 02 04 03 03 05 02 01 03 05 03 04 01 04 01 02 01 02 03 02 03 03 03 02 04 03 02 02 03 04 00 02 04 02 05 03 03 05 02 04 02 03 04 02 01 05 04 04 00 04 02 06 04 04 02 03 00 05 02 03 02 05 03 04 05 02 05 01 06 05 03 00 02 03 02 02 03 02 09 02 
10 06 03 05 24 06 34 05 05 13 01 00 06 03 03 03 01 00 02 01 01 00 01 04 03 03 03 02 02 02 01 00 02 03 03 03 01 03 05 03 03 04 02 00 03 04 03 02 02 02 02 03 05 01 04 02 03 05 03 02 04 02 01 02 02 01 03 02 04 01 02 04 05 03 02 01 03 03 04 03 00 04 02 04 02 03 04 03 05 03 00 02 02 01 03 04 02 03 04 04 01 02 02 03 02 01 02 05 01 06 05 02 03 03 04 01 01 04 01 05 05 01 02 03 04 01 05 06 03 05 02 06 01 04 02 06 02 05 00 02 02 03 01 02 06 07 03 02 01 02 01 02 03 05 00 03 05 01 03 02 01 03 01 03 01 02 01 05 01 02 00 02 03 02 03 01 02 05 02 04 00 04 01 01 04 02 02 02 02 04 
08 07 11 09 02 02 17 22 10 03 00 03 03 06 02 02 02 04 05 05 06 01 03 04 02 00 02 04 00 03 01 02 02 02 03 04 01 03 07 04 03 03 04 04 01 01 08 02 02 02 03 01 00 02 02 02 01 01 05 04 04 04 03 04 04 04 02 02 01 02 02 01 02 02 03 05 02 04 01 03 03 00 00 03 02 00 04 02 01 00 02 05 06 00 02 03 05 04 02 01 04 03 02 02 01 03 01 02 03 02 04 02 03 01 04 02 03 04 04 03 02 04 02 04 03 06 05 03 01 03 01 03 01 06 03 02 02 08 03 00 03 02 01 05 02 05 04 03 05 04 03 03 01 04 05 03 03 00 04 01 02 01 05 01 01 03 01 02 02 04 02 04 01 02 04 02 00 03 02 02 03 04 03 02 04 04 01 01 03 04 
09 06 07 05 12 09 21 56 32 17 04 02 04 04 03 04 02 03 02 01 04 02 02 03 02 02 04 03 03 02 01 06 01 03 02 02 02 01 04 05 02 05 03 02 01 05 04 01 03 04 01 01 01 03 03 04 02 03 03 01 00 02 02 00 01 04 01 01 02 01 03 01 01 05 05 00 04 05 02 04 01 01 03 01 04 03 04 04 01 03 01 00 02 06 04 02 05 01 04 02 04 02 01 05 04 03 00 05 03 01 03 03 02 03 03 04 01 02 01 02 06 03 04 02 04 01 06 02 03 02 02 00 05 01 07 04 02 08 03 02 02 04 04 03 03 03 06 02 04 01 02 03 03 01 01 04 03 05 05 01 04 00 02 04 03 05 02 03 00 03 01 01 05 04 04 03 02 00 03 04 01 02 05 01 03 02 02 04 03 02 
21 10 07 18 14 20 06 27 13 42 19 04 03 07 03 00 04 05 03 03 02 01 04 02 06 02 01 02 02 01 02 01 04 02 03 02 03 04 03 02 03 08 03 02 05 01 03 03 02 02 07 04 05 03 04 02 01 00 02 04 00 01 03 03 01 03 01 04 05 03 03 03 02 03 02 08 00 03 03 02 02 03 03 02 07 03 05 03 01 05 02 04 06 02 02 03 04 03 03 02 03 04 02 02 02 01 00 01 03 02 03 04 02 03 01 03 03 02 01 02 03 02 04 02 03 00 03 02 03 04 01 00 07 02 04 02 04 05 02 00 05 05 03 02 04 05 03 03 01 01 03 03 05 03 03 02 03 03 02 02 01 07 03 01 05 03 00 00 03 01 02 04 01 02 02 06 02 00 00 05 02 03 02 03 05 04 01 01 02 04 
50 25 29 08 06 01 08 02 07 03 02 07 04 05 02 02 04 02 02 01 05 02 01 04 00 03 03 03 03 01 01 03 01 02 03 01 03 04 02 04 01 02 01 05 01 03 04 04 01 04 01 04 02 00 03 02 05 01 02 02 02 03 02 03 00 02 02 00 04 04 01 02 04 05 03 04 06 01 01 00 25 06 15 01 01 02 05 04 04 01 04 00 04 03 03 05 03 03 03 03 01 02 03 04 04 00 01 05 02 01 02 03 02 02 05 02 02 02 01 04 04 06 05 04 02 01 02 01 00 05 01 04 03 04 05 01 03 02 02 04 05 02 02 07 04 02 02 04 03 01 01 02 04 03 05 02 01 03 06 02 01 02 01 03 04 02 02 02 02 02 02 04 01 02 02 03 04 06 04 05 03 02 02 04 02 01 04 04 03 04 
15 21 10 13 18 00 06 02 10 18 05 08 08 05 12 05 00 05 01 02 05 00 03 04 02 02 03 04 03 02 02 02 00 02 05 03 02 01 03 02 02 03 02 01 02 01 02 02 02 01 06 03 02 02 06 00 01 03 04 00 02 03 01 01 02 02 02 03 07 05 02 01 04 02 03 03 01 03 03 02 03 05 03 03 01 02 01 00 02 03 02 01 02 05 06 02 03 01 04 02 05 03 02 06 02 04 04 00 03 02 05 02 04 04 03 04 03 01 03 05 02 02 03 03 05 03 01 01 03 02 04 02 03 02 04 05 03 03 03 05 01 03 04 02 01 04 05 01 04 03 04 03 04 03 01 01 01 05 03 03 02 01 04 01 04 01 05 03 04 05 04 03 01 01 04 05 01 04 01 02 02 02 03 04 06 06 03 02 03 02 
27 05 09 04 32 07 05 01 04 05 07 03 04 03 06 02 02 03 03 04 03 01 08 03 03 01 00 02 01 03 03 02 03 00 04 03 05 03 00 01 00 04 03 01 03 02 01 04 01 03 05 02 05 01 03 04 03 03 05 03 03 01 01 08 00 07 03 00 04 03 01 02 02 02 02 03 03 02 03 02 03 04 03 01 00 04 01 04 04 02 05 01 03 03 04 05 00 03 04 01 06 02 02 03 04 02 00 03 02 02 02 04 02 02 04 04 04 02 02 02 04 02 03 04 02 04 00 07 05 05 02 03 05 03 02 06 04 02 05 03 01 06 02 04 02 02 00 03 02 01 04 02 01 01 04 02 01 02 02 03 05 01 04 02 03 05 01 02 02 03 06 02 01 02 02 02 05 02 02 01 05 01 04 03 04 08 05 05 02 02 
13 10 11 11 09 00 04 05 05 04 01 01 02 03 02 00 05 02 02 03 03 03 02 03 00 01 03 03 02 01 02 02 03 02 03 01 04 03 03 01 03 03 02 01 03 04 00 03 06 02 05 02 01 02 02 04 03 01 01 02 01 06 03 02 01 01 07 02 01 03 03 03 02 04 03 02 03 04 03 02 04 02 01 01 04 05 01 05 03 03 03 03 01 02 03 03 02 04 03 05 03 04 01 04 02 01 02 02 02 04 03 06 03 02 06 02 03 04 03 06 04 01 05 03 05 02 04 04 02 04 04 05 04 03 05 02 03 03 03 01 05 03 02 03 01 04 03 05 04 00 03 04 03 04 03 04 05 02 03 04 04 03 02 01 03 04 02 04 02 02 03 00 02 06 05 01 03 02 04 06 02 02 04 02 02 02 02 06 08 02 
09 28 09 07 03 04 11 02 03 03 09 05 04 02 02 01 03 02 02 06 02 08 00 05 03 01 03 03 01 00 01 02 05 02 03 04 01 00 02 01 03 02 04 03 01 02 01 04 02 00 03 04 01 04 02 04 04 02 03 04 02 02 04 04 03 03 03 05 01 06 02 02 00 02 04 00 01 01 02 02 03 03 03 01 02 02 02 02 04 01 05 03 03 05 00 06 04 00 02 06 01 01 01 03 04 01 02 02 03 03 03 02 04 03 03 05 02 02 04 01 03 02 02 03 05 03 03 02 03 03 03 02 02 02 06 01 06 02 03 01 06 05 01 00 01 04 03 02 01 02 02 03 01 01 01 05 04 05 02 01 00 03 05 03 05 03 02 04 02 07 04 02 04 01 02 03 01 05 03 02 05 01 01 02 01 06 02 09 09 03 
16 02 09 09 03 02 00 05 08 13 15 28 15 38 05 09 17 05 05 18 17 13 11 22 05 07 02 02 01 01 03 02 04 07 03 05 02 06 00 03 01 01 02 04 02 03 03 05 03 03 03 02 01 01 01 01 04 05 04 01 04 03 03 00 02 04 01 03 01 03 00 02 01 02 04 05 02 01 01 01 00 03 04 02 02 02 01 03 02 04 03 03 05 01 04 05 05 03 05 02 01 05 03 05 02 01 01 02 05 03 03 01 00 03 04 04 00 03 03 04 06 02 02 01 04 02 00 01 05 06 03 02 02 03 03 04 03 02 03 01 03 04 05 02 01 02 02 06 06 03 02 04 03 03 00 04 02 03 02 03 01 02 02 03 03 03 03 03 04 04 03 04 03 04 02 04 04 05 05 04 02 04 01 05 03 04 02 03 05 00 
15 25 14 25 14 02 00 01 19 31 08 08 01 00 06 04 02 03 00 03 03 00 06 01 02 02 03 03 01 04 02 01 03 03 03 02 04 04 02 01 04 01 05 03 06 04 02 02 02 02 01 00 01 06 04 04 03 01 03 02 04 03 01 01 04 06 02 02 00 05 01 02 04 01 01 05 03 02 01 03 03 02 03 04 01 02 04 03 02 00 02 02 02 01 03 04 03 02 03 01 06 02 04 03 02 01 01 04 05 02 01 02 02 04 01 03 02 02 04 05 03 03 01 01 00 03 02 02 03 01 02 01 05 04 03 05 04 02 01 02 02 01 03 05 02 00 06 02 02 08 05 05 01 04 02 03 01 03 01 03 02 02 02 03 02 00 06 02 07 03 02 01 01 05 03 03 02 01 02 03 01 02 01 02 03 02 05 01 02 04 
15 27 22 38 03 07 16 03 02 00 04 03 01 04 00 01 02 03 00 04 02 01 02 03 07 01 03 03 00 05 02 04 04 01 02 05 02 03 01 01 05 03 05 03 00 02 02 02 03 01 03 02 01 02 02 00 02 03 05 04 01 03 02 04 01 00 03 01 03 02 02 02 02 01 05 02 00 01 06 04 04 04 04 05 04 02 03 04 02 01 04 02 03 02 04 03 02 03 03 02 07 03 05 04 02 03 05 01 03 04 02 05 03 02 02 02 05 01 03 03 03 02 03 01 02 03 02 04 04 05 03 02 03 02 00 01 01 03 00 02 03 05 03 00 01 02 05 07 01 02 04 02 02 01 03 03 04 03 02 03 01 04 00 03 03 08 00 04 03 02 00 02 01 00 03 03 04 02 03 05 03 01 03 03 04 00 02 03 05 03 
26 13 17 04 02 04 10 09 03 05 02 11 05 02 08 04 02 08 01 05 05 00 01 00 03 00 02 04 02 04 02 04 01 02 00 01 01 05 03 03 00 04 02 03 01 03 03 01 02 01 02 01 05 02 02 03 00 02 01 02 02 02 02 02 02 04 02 01 05 03 03 02 01 04 03 05 03 04 03 02 01 04 03 06 03 04 03 00 05 02 06 02 03 02 06 02 03 01 02 01 03 01 07 03 02 03 02 03 03 04 04 03 02 03 03 01 03 01 03 02 00 02 05 02 04 00 01 04 04 03 01 03 06 03 02 01 05 01 03 02 02 04 03 05 02 03 01 05 04 00 03 06 04 02 01 00 00 05 03 04 03 05 02 02 01 01 03 05 00 05 05 02 03 01 05 01 04 04 00 02 05 01 01 02 04 04 02 01 05 06 
07 05 09 04 03 05 06 08 09 06 00 50 18 12 04 16 13 03 04 02 05 06 04 01 04 03 01 02 06 05 01 03 02 03 02 02 05 05 04 03 01 03 01 02 00 05 01 03 02 04 02 03 02 00 03 02 00 02 02 03 03 03 01 04 02 03 01 01 01 02 02 00 02 03 02 03 02 04 04 00 05 02 02 04 04 01 02 02 02 02 03 03 01 04 02 01 04 03 02 00 01 07 00 04 05 05 01 04 03 05 04 03 01 02 01 03 05 02 01 05 06 03 01 03 03 02 03 01 01 04 01 04 02 05 02 03 04 07 06 02 03 01 01 03 02 07 04 01 03 01 06 02 02 03 02 03 03 02 04 03 05 03 04 05 04 04 04 01 01 02 01 02 02 00 06 04 01 04 02 04 08 03 00 01 02 02 05 02 01 02 
17 11 18 10 01 03 03 07 04 05 02 04 02 05 05 03 00 03 02 01 05 04 02 02 01 05 04 03 02 01 06 03 02 03 05 03 01 03 01 05 01 02 00 03 02 02 01 03 03 02 02 04 02 01 03 03 02 06 03 04 00 02 02 02 04 03 03 02 03 02 03 03 04 04 00 01 03 04 02 04 00 02 05 03 01 04 02 03 03 01 03 02 03 03 03 02 06 02 00 04 03 03 00 01 03 03 01 01 05 02 05 02 03 06 04 00 04 05 02 01 03 02 02 04 01 01 04 00 03 05 03 05 03 03 02 02 03 01 03 05 02 00 02 05 02 03 02 01 00 03 01 01 03 02 01 03 04 01 01 03 05 00 03 02 03 02 03 02 01 01 03 05 01 00 02 03 02 03 02 03 03 04 02 04 01 00 02 02 04 04 
25 05 10 12 00 07 04 03 02 04 02 02 02 00 00 02 01 02 03 06 01 03 02 00 01 02 03 00 02 02 03 02 04 02 03 05 02 02 03 01 00 01 01 00 03 01 02 06 02 02 02 03 03 00 01 03 04 02 02 04 01 02 01 04 00 04 04 02 02 05 04 04 01 02 05 01 04 03 03 00 02 01 00 03 02 04 00 03 02 03 04 02 04 02 01 01 01 03 03 05 00 03 03 03 02 02 04 02 05 03 02 06 02 00 03 02 04 03 05 03 03 02 01 03 04 04 05 03 02 06 04 01 01 01 06 03 03 03 04 02 02 07 02 04 04 01 03 00 02 03 04 03 00 01 05 06 05 05 02 02 04 03 04 02 05 03 06 04 04 03 01 02 00 03 05 04 03 06 04 00 06 01 04 04 02 05 03 03 03 03 
15 15 05 17 08 17 02 03 02 02 03 01 05 01 01 04 02 02 03 00 01 05 03 03 00 03 02 02 03 02 02 04 01 03 04 03 02 01 01 02 06 01 02 03 01 02 03 04 01 03 01 03 02 05 05 03 03 02 01 03 04 02 00 07 02 03 04 03 04 02 02 04 03 03 00 03 03 02 02 01 02 04 02 02 04 06 01 03 04 01 04 03 04 00 03 04 01 01 04 03 04 01 04 00 01 03 07 00 03 03 05 02 02 07 02 00 02 02 01 01 01 02 00 04 04 02 31 03 01 02 02 01 03 01 06 03 03 01 03 01 03 03 03 03 05 03 05 01 02 04 03 00 03 02 03 04 02 02 04 05 02 01 04 01 03 04 02 01 01 05 00 05 03 01 00 01 02 05 01 03 04 01 04 06 05 01 03 01 03 03 
18 14 33 08 01 02 02 09 03 09 01 03 02 02 03 03 03 03 03 01 02 02 04 03 02 04 05 02 04 02 01 02 04 02 01 03 01 05 04 01 02 02 02 01 03 02 00 02 02 02 02 02 02 03 02 01 03 02 04 05 02 03 01 01 02 03 03 02 07 02 00 04 01 04 03 01 04 03 01 02 01 02 04 04 03 04 01 02 03 03 02 03 03 04 02 03 01 03 02 03 02 06 02 02 01 04 01 01 02 04 03 08 02 02 03 05 04 01 02 02 03 01 05 04 02 03 04 01 03 02 03 04 03 04 03 02 02 04 02 05 03 03 04 01 05 02 02 04 04 02 02 06 05 01 04 01 01 03 03 03 00 03 04 03 02 05 02 04 04 06 02 05 02 02 04 04 03 02 06 03 05 00 03 02 01 03 02 01 01 06 
13 07 04 05 18 03 02 03 03 02 02 02 02 00 02 02 04 03 02 02 05 04 01 02 04 05 03 01 02 01 01 02 03 01 03 02 04 02 03 02 04 01 02 04 04 01 02 04 01 03 03 04 04 03 04 02 02 03 03 05 02 03 04 01 02 04 04 02 01 02 04 01 02 02 02 01 03 01 02 06 03 05 05 02 02 02 06 03 05 02 01 04 03 02 03 05 01 02 02 03 01 05 00 02 04 08 04 02 02 03 04 04 03 05 01 05 01 05 06 04 03 01 02 06 01 01 03 03 05 03 03 05 03 06 06 04 05 02 03 01 05 05 01 04 04 05 01 04 02 03 03 02 02 01 03 04 03 03 04 03 02 02 03 04 02 03 02 05 05 01 05 02 00 03 00 03 04 01 01 03 02 02 02 04 01 21 13 09 08 09 
07 29 11 12 10 08 02 05 03 02 02 01 01 03 02 03 00 05 03 04 04 02 02 01 01 01 02 03 03 05 03 02 03 02 02 02 02 04 02 03 02 00 02 02 00 04 01 03 01 01 02 03 00 06 01 04 01 04 01 01 02 00 02 02 00 04 00 07 03 01 01 05 02 04 04 01 04 04 02 02 03 02 00 05 03 03 04 02 03 01 06 02 02 02 03 01 02 03 02 04 01 03 02 03 04 02 00 09 03 04 03 02 05 01 01 00 01 04 00 03 04 01 01 01 06 02 05 02 04 03 02 01 04 02 05 01 05 02 03 03 03 02 02 03 02 00 03 03 05 02 02 03 04 04 03 02 01 04 04 03 03 00 03 04 02 04 03 00 02 02 03 01 04 04 07 02 05 02 03 01 02 04 03 03 04 02 03 05 02 01 
11 14 01 17 12 06 08 04 06 32 04 12 04 14 10 02 02 04 01 02 05 04 03 01 03 01 04 03 01 02 05 02 03 03 04 02 05 05 01 03 01 07 04 02 02 03 02 01 01 01 03 04 00 00 02 04 02 04 00 04 02 04 03 02 02 02 03 02 02 04 01 02 03 01 01 01 05 01 02 03 01 04 00 00 01 02 01 03 05 03 01 06 04 03 03 02 01 03 07 01 04 00 03 02 02 01 02 04 02 04 00 01 01 03 03 02 08 02 04 03 03 02 06 04 03 02 02 02 01 03 02 03 01 03 04 03 03 02 04 04 01 02 01 01 02 03 01 04 03 04 04 05 04 01 04 06 03 01 02 06 01 05 02 02 02 03 01 01 04 02 03 03 02 03 02 01 04 01 03 02 01 02 03 03 04 00 03 01 02 04 
17 13 09 11 13 13 07 09 10 06 21 06 05 05 02 02 05 06 02 05 04 01 01 02 01 00 04 01 02 03 03 02 03 00 03 03 04 05 04 05 04 00 01 01 04 02 03 00 04 03 04 03 02 01 01 01 03 01 07 05 03 03 04 03 02 05 03 00 02 01 04 00 04 00 04 03 03 04 05 04 01 02 02 03 00 01 01 03 01 04 03 02 01 01 03 01 00 03 04 01 03 03 01 04 02 05 04 03 04 01 01 00 02 02 04 01 03 04 06 04 02 02 03 05 05 01 03 04 07 01 02 04 02 00 04 02 04 05 04 03 05 02 01 03 02 03 02 03 02 07 02 04 04 03 03 03 00 04 03 03 01 02 00 04 01 02 03 01 02 01 02 05 01 04 04 04 01 05 03 05 03 01 01 00 04 04 04 02 03 04 
11 10 10 14 21 17 03 12 05 13 05 16 03 10 03 04 03 02 03 04 05 01 04 03 02 02 04 01 02 02 00 05 01 01 03 02 03 01 05 03 03 04 04 04 01 03 01 02 06 01 01 03 05 04 00 05 01 05 03 04 01 02 01 05 06 02 03 02 01 02 03 04 01 02 01 05 01 00 00 04 01 01 03 00 03 04 02 01 03 01 04 01 02 04 02 04 05 03 02 01 06 03 01 02 04 03 00 02 06 01 04 02 01 00 03 02 02 06 05 02 02 01 02 00 03 04 02 05 04 01 02 01 03 00 03 03 03 05 05 06 04 07 03 02 02 04 02 07 03 02 10 05 03 06 02 03 02 04 04 03 04 04 02 01 02 03 05 04 01 05 00 03 03 03 08 02 03 03 02 03 02 04 01 02 02 06 07 06 05 03 
11 18 12 08 05 10 03 05 02 02 04 06 14 03 00 08 09 04 02 04 03 04 04 03 01 01 01 05 03 03 00 03 01 03 03 00 01 01 04 00 03 05 03 01 03 01 04 03 01 03 03 02 03 01 04 00 03 01 02 01 03 02 03 04 01 03 06 00 07 02 02 01 01 02 01 03 04 02 01 00 04 04 02 02 00 00 01 00 01 01 01 01 05 04 04 04 04 05 04 01 03 02 02 04 01 02 02 05 04 03 05 02 02 08 00 01 04 04 03 01 01 02 04 05 00 03 05 02 02 04 03 02 03 03 01 01 03 04 01 06 02 02 01 03 01 02 01 01 01 05 02 01 03 02 02 02 03 02 04 02 03 01 02 02 01 02 02 03 04 05 01 02 02 01 01 01 01 01 02 04 02 04 03 06 01 03 02 01 06 02 
06 08 10 00 01 00 11 11 10 13 06 03 10 05 02 01 05 06 05 06 05 06 04 05 04 06 04 01 03 03 02 02 04 01 03 01 02 01 05 01 04 00 01 03 04 01 01 02 03 01 02 01 02 03 03 02 03 03 03 02 01 03 02 01 00 03 01 03 02 03 04 00 01 02 00 02 02 03 02 04 04 06 01 02 04 01 04 04 00 01 03 02 02 02 01 05 05 04 03 01 05 03 00 02 04 00 04 00 01 02 06 02 04 04 05 05 05 03 03 04 04 02 03 04 01 02 04 05 04 01 02 05 01 03 01 03 02 04 03 00 03 04 01 02 03 02 04 05 03 04 03 03 03 06 02 04 04 01 04 02 03 01 06 03 02 06 02 06 01 01 04 01 02 01 03 02 02 04 02 02 03 05 01 01 02 03 02 02 05 03 
11 07 06 02 05 04 04 03 05 03 03 03 03 02 02 00 01 05 02 02 01 03 01 02 02 04 05 02 00 02 02 01 05 03 00 03 02 01 03 03 01 03 04 03 07 02 02 03 01 03 00 03 01 01 02 02 01 02 01 02 02 01 02 00 03 02 02 04 02 02 01 04 04 03 02 03 03 05 03 05 02 01 00 04 01 03 04 04 01 01 04 02 02 03 02 07 03 04 04 03 02 06 03 02 01 01 02 06 01 03 04 03 04 03 04 02 02 02 05 01 00 04 05 01 03 01 05 04 04 02 03 04 03 02 02 03 03 01 04 05 03 05 01 01 04 02 02 02 03 04 02 05 02 02 04 06 06 02 05 03 05 05 00 02 01 00 02 02 01 03 05 02 02 04 02 03 01 04 05 04 03 01 01 01 04 04 04 01 01 03 
06 04 01 16 36 13 05 05 05 02 05 03 01 00 03 01 03 02 06 00 05 00 00 02 03 01 04 00 03 00 00 03 04 00 08 04 00 03 03 03 04 01 02 03 04 04 02 00 01 02 05 03 02 03 03 01 03 00 03 01 02 06 06 03 01 03 03 08 05 01 03 00 02 05 03 05 03 05 03 04 03 02 01 02 01 01 00 02 03 03 02 01 03 03 04 04 03 05 01 01 04 01 03 03 05 02 02 02 03 01 05 04 02 03 02 01 04 04 05 00 04 02 03 02 06 04 04 02 03 04 04 01 05 03 05 00 03 00 05 03 04 04 03 04 02 02 04 05 03 02 04 06 02 08 02 03 01 02 03 05 02 03 05 03 01 04 06 03 01 07 01 02 02 00 04 03 02 04 01 03 03 03 02 01 04 03 04 02 03 04 
14 19 13 28 21 10 14 10 24 11 06 15 19 23 01 10 21 11 13 07 38 15 06 04 09 09 08 04 01 02 03 02 01 06 03 03 03 07 02 02 03 03 04 02 00 05 04 00 03 01 02 01 04 03 04 04 02 03 06 04 02 02 03 04 01 02 02 05 03 02 02 02 02 05 02 02 04 02 03 04 01 01 02 03 03 03 02 01 03 00 04 04 02 00 05 02 00 05 04 03 02 00 05 03 01 01 02 02 01 03 02 05 03 03 04 05 00 02 02 04 01 04 04 03 02 03 01 03 03 00 03 04 04 04 03 02 04 04 04 04 04 01 00 02 03 02 05 04 06 01 03 06 04 01 04 03 02 01 04 04 01 04 02 06 02 01 05 02 03 03 03 01 03 03 01 02 02 05 03 02 03 04 05 05 03 02 02 00 01 04 
11 10 07 19 12 17 08 10 01 17 08 14 03 03 05 02 04 03 03 03 00 02 01 03 00 01 05 01 01 03 05 03 05 02 02 00 02 01 01 02 04 03 02 03 01 06 04 01 04 01 02 03 04 02 02 03 03 05 01 03 01 01 02 00 03 01 02 04 01 05 02 01 01 02 02 04 00 02 01 02 02 05 03 02 05 00 03 04 02 03 02 05 02 01 03 04 05 02 02 06 03 05 05 03 03 03 03 02 03 04 00 03 01 02 01 01 04 03 05 02 03 03 07 04 04 02 04 03 03 03 01 04 00 03 02 03 05 01 01 04 03 03 04 02 02 03 01 04 01 04 03 03 04 02 02 04 03 04 05 03 03 03 04 04 03 03 03 06 01 06 04 03 02 01 04 03 02 04 03 06 03 04 04 01 00 01 02 06 00 02 
11 10 08 09 10 06 08 14 10 12 16 09 11 12 10 05 10 01 08 03 08 05 02 04 02 03 02 03 04 02 00 03 00 08 02 01 01 01 02 04 02 00 03 02 02 04 01 04 02 01 00 03 02 02 01 03 01 04 03 02 02 02 01 04 02 00 05 04 02 05 04 02 05 01 04 00 02 03 04 05 05 03 04 01 02 01 03 05 01 00 05 03 02 02 02 01 02 00 03 02 03 00 04 03 04 01 01 01 03 02 01 02 05 03 03 02 02 04 05 02 03 05 00 01 02 07 03 01 03 01 04 04 01 01 02 02 05 03 02 02 02 03 01 03 03 02 03 03 01 02 03 02 01 07 00 01 00 03 04 03 00 04 02 05 04 03 06 04 04 06 01 00 03 00 06 02 01 01 04 01 06 05 03 01 02 02 03 04 03 03 
03 05 21 14 26 11 01 05 12 12 10 10 18 21 18 03 03 04 06 03 12 05 03 02 01 03 02 01 01 02 03 02 00 01 04 05 01 02 04 01 04 05 03 01 01 02 00 01 03 01 05 00 03 02 01 05 02 01 03 02 03 03 03 02 01 03 01 03 03 02 04 03 01 02 00 02 02 03 03 01 02 02 02 03 02 02 02 03 02 01 02 02 02 04 01 03 04 01 03 03 02 04 04 03 02 03 02 02 02 01 04 00 02 03 06 04 03 02 02 05 01 02 03 03 06 04 03 02 02 03 04 02 03 04 03 04 04 04 05 03 06 02 02 03 01 03 04 02 02 03 00 03 06 02 05 02 00 01 03 01 03 03 01 02 01 01 04 04 02 03 05 03 02 05 01 03 02 03 03 02 01 03 01 03 03 05 04 03 04 04 
14 10 15 12 14 10 14 09 10 06 06 16 07 09 03 02 02 01 03 10 04 14 01 03 04 02 02 04 01 01 03 01 02 02 01 04 04 03 06 04 03 01 01 03 04 04 03 04 02 02 05 03 03 01 01 05 03 03 02 06 08 07 07 12 09 11 03 02 02 10 04 15 09 07 02 02 02 05 01 02 01 01 04 00 01 02 02 03 00 01 05 02 04 03 01 01 03 02 03 04 00 05 01 02 06 01 05 03 04 04 05 04 03 00 05 03 01 02 04 01 01 03 03 05 03 03 05 04 02 05 02 03 00 01 00 01 01 03 02 03 04 03 04 03 03 03 06 04 03 03 05 03 03 03 04 05 02 03 05 03 04 06 03 01 07 03 02 03 04 04 02 04 06 05 01 01 03 05 01 02 03 01 02 01 04 05 03 07 04 05 
07 18 11 30 32 38 36 09 08 10 04 05 03 03 07 05 01 04 03 03 00 08 01 02 02 03 02 01 03 03 05 03 02 03 04 03 02 02 07 02 02 01 05 00 02 01 04 01 02 05 07 03 01 01 03 03 02 02 03 03 03 01 04 03 03 06 03 03 05 06 03 03 05 06 04 01 03 05 00 03 03 00 02 00 04 01 01 01 04 02 03 03 07 03 05 01 03 03 04 03 01 03 03 03 06 03 02 03 02 03 04 07 05 03 02 01 01 03 03 00 03 03 04 04 00 01 05 02 02 01 03 03 03 05 02 04 03 03 02 01 03 01 03 02 03 04 02 05 01 02 00 03 02 02 03 03 01 01 04 02 01 01 03 06 02 01 04 04 05 02 05 05 01 01 03 06 05 01 04 06 02 03 04 04 05 02 01 01 04 05 
13 19 13 01 06 07 09 08 04 05 14 02 01 04 06 03 09 02 04 03 03 04 02 05 04 03 01 03 00 04 05 03 02 05 00 04 04 03 02 02 03 02 04 02 05 02 03 01 02 02 02 03 00 01 01 02 05 02 01 00 02 03 04 05 01 03 03 02 01 03 03 02 04 01 03 03 00 05 00 04 05 04 03 03 02 00 04 04 00 01 03 04 03 03 04 01 02 03 03 04 02 04 03 02 03 02 04 04 04 06 03 03 02 03 01 03 01 05 04 04 04 01 02 02 01 02 04 02 04 03 03 00 01 04 02 02 03 01 02 03 01 03 05 01 04 03 02 06 01 00 01 04 05 05 02 02 06 05 03 04 03 01 04 02 03 00 02 05 02 02 02 01 04 03 00 05 02 06 02 02 01 03 02 01 04 03 02 03 05 03 
14 24 11 09 24 15 14 04 07 06 03 02 08 09 10 05 00 04 03 03 03 04 00 03 04 04 05 01 04 01 01 04 02 02 02 04 02 02 04 03 01 02 01 04 00 02 01 05 02 02 02 01 02 00 02 02 02 04 02 02 03 04 00 04 01 02 02 03 02 02 01 02 02 03 02 03 04 01 02 02 02 01 08 03 03 04 02 03 00 03 04 04 01 04 03 03 03 05 01 02 03 07 04 06 04 04 04 04 04 06 07 03 04 02 03 03 03 03 01 01 02 01 03 01 04 00 04 01 01 03 00 04 01 02 05 04 06 04 03 03 04 02 01 03 02 03 04 03 04 03 03 01 04 03 05 04 03 03 05 01 04 02 03 04 02 05 04 00 04 03 04 04 04 04 02 01 01 04 02 04 04 03 03 02 04 05 01 05 01 01 
16 11 03 06 28 73 19 43 16 10 11 09 06 05 05 07 01 03 02 03 02 03 03 02 04 03 03 04 04 01 02 04 01 04 01 01 03 03 02 01 03 01 03 04 02 02 01 01 04 03 00 07 02 03 04 04 00 02 03 01 01 02 02 05 04 03 03 04 01 03 01 02 05 00 02 02 02 02 03 03 00 03 01 05 01 03 02 03 03 02 00 04 04 01 04 02 04 02 03 00 02 03 01 03 03 02 07 02 06 01 03 03 03 05 01 04 02 01 03 02 03 01 02 05 05 02 04 02 05 04 02 03 01 04 02 04 03 02 02 02 05 04 06 03 06 04 00 02 02 03 02 04 00 06 00 04 02 01 01 02 05 02 03 06 02 03 03 01 03 02 01 04 01 01 00 03 03 03 01 01 04 02 02 01 03 03 03 05 04 04 
10 13 13 03 12 02 01 02 02 03 05 05 08 04 06 01 02 00 01 03 05 01 01 03 02 03 02 02 02 02 02 02 01 05 01 00 02 02 04 04 02 02 01 02 02 03 01 03 01 02 02 02 01 01 02 04 02 03 00 01 02 02 03 03 01 04 02 04 03 03 02 04 00 02 03 05 02 03 02 04 02 03 00 02 02 02 03 01 00 02 00 02 02 01 04 03 03 04 02 04 03 03 01 03 08 02 02 02 01 01 01 05 03 02 03 02 04 04 03 02 04 03 03 03 01 03 04 05 02 02 01 07 02 02 03 04 02 03 03 03 02 03 01 06 04 02 03 02 01 02 05 03 02 02 03 03 04 04 03 01 02 05 03 02 02 03 02 01 00 03 06 03 01 01 04 01 04 00 04 03 03 04 01 02 04 04 04 03 02 02 
06 05 03 04 01 07 06 06 03 04 11 05 05 04 03 05 01 03 01 02 01 03 02 00 03 05 05 00 03 02 01 04 01 02 00 02 03 02 01 05 01 07 04 01 01 05 03 03 05 03 04 01 02 01 03 04 00 04 05 00 00 04 00 00 02 02 03 01 03 02 03 04 02 04 03 00 02 05 02 00 03 03 05 03 01 03 01 02 01 03 02 02 01 01 01 04 02 02 04 05 02 06 01 00 02 04 03 01 04 02 05 04 03 02 03 03 03 03 00 05 02 03 06 03 01 04 02 05 06 01 07 05 02 02 01 03 01 04 03 02 05 03 03 03 02 05 02 02 06 03 02 04 01 00 01 04 02 03 02 03 05 02 05 04 03 04 01 01 05 02 06 03 02 04 01 02 03 01 04 01 03 02 05 03 01 03 03 02 06 04 
06 15 08 06 07 05 07 04 04 07 04 08 01 04 02 05 02 02 02 00 02 04 04 03 02 01 02 03 04 02 03 02 01 02 05 03 03 03 02 02 02 02 02 02 02 03 03 02 01 04 01 02 01 02 00 01 01 00 01 03 02 04 04 02 02 05 01 03 02 00 01 02 01 00 03 01 02 03 03 05 02 02 03 03 04 02 01 01 02 04 01 02 03 05 07 01 03 05 02 01 03 04 02 04 03 00 05 04 02 05 00 03 01 02 07 04 01 03 02 02 01 03 01 03 00 05 01 02 03 03 02 04 01 04 03 03 05 01 05 01 05 04 03 02 03 05 03 02 02 01 02 06 01 03 01 02 04 00 06 02 03 04 03 01 04 03 03 02 04 01 01 01 02 01 01 01 04 05 01 05 04 02 02 04 03 04 04 03 00 04 
12 30 15 07 01 01 02 01 09 10 01 01 02 01 05 01 03 03 02 01 02 02 03 03 01 02 06 03 01 01 02 02 05 02 00 01 01 03 02 02 02 04 02 02 00 05 02 02 00 01 00 01 04 01 02 03 01 04 00 01 01 03 03 02 03 04 03 04 02 03 03 03 03 02 01 02 03 07 04 01 01 05 01 01 03 03 02 04 01 02 04 03 05 04 05 04 01 00 06 03 02 04 03 02 02 06 03 04 01 05 03 04 03 05 01 01 08 06 03 02 03 03 02 06 02 03 01 05 06 06 03 03 03 01 03 03 02 02 03 02 03 01 05 04 04 04 04 04 02 03 01 02 02 02 04 00 02 02 03 05 02 02 01 02 04 04 02 01 01 02 02 02 03 01 05 02 02 00 02 01 05 03 04 02 02 02 01 04 02 01 
54 07 50 21 15 05 16 15 10 10 14 30 16 06 06 06 14 05 04 07 17 04 02 21 03 05 10 16 05 06 08 19 07 10 06 04 03 05 03 01 04 03 01 03 02 01 03 03 02 02 03 04 03 01 01 01 06 06 03 01 02 02 02 02 00 02 02 02 04 03 02 01 02 01 05 01 02 02 03 01 00 03 01 01 02 01 02 01 04 01 02 03 04 03 05 02 02 03 03 03 02 03 04 04 05 04 03 02 02 05 02 04 03 04 01 02 03 08 04 02 05 01 05 03 05 06 03 03 03 02 00 02 03 01 03 02 01 03 02 03 03 06 02 01 04 03 04 02 03 02 01 05 04 04 02 02 07 02 01 03 03 02 03 02 02 03 03 07 01 05 07 03 03 01 01 00 06 00 01 07 02 04 01 03 03 02 04 04 04 04 
05 04 01 09 06 07 01 09 02 03 01 04 00 04 01 04 05 00 03 06 03 01 02 01 02 03 00 05 03 01 01 03 02 01 04 00 02 04 01 03 02 04 05 01 02 00 06 01 01 02 03 01 02 03 01 03 04 02 01 02 03 02 03 02 02 01 01 04 01 02 02 00 02 01 04 03 01 04 01 04 02 00 03 03 05 01 01 01 01 03 01 03 03 05 04 04 02 02 01 01 03 06 03 05 01 04 02 06 03 01 03 04 00 03 02 02 03 02 01 01 02 03 01 02 02 03 05 03 04 00 05 01 03 02 05 03 04 01 02 02 05 01 04 03 03 01 03 03 01 02 05 05 02 01 03 02 02 06 01 02 00 06 03 05 03 02 03 02 00 03 03 01 03 03 02 04 03 06 02 02 05 02 01 02 03 05 02 01 04 01 
06 06 07 22 10 10 14 15 28 24 03 22 09 09 07 20 07 10 13 01 05 07 03 05 03 03 01 02 05 04 02 04 02 04 02 03 02 03 00 01 05 03 01 02 07 01 03 03 03 03 02 02 04 02 00 02 04 03 02 03 01 04 02 01 04 01 02 01 03 03 01 01 01 02 01 02 02 04 05 03 04 05 00 01 02 01 05 03 02 02 01 04 01 04 04 03 02 02 06 03 02 06 04 03 00 01 01 02 02 02 02 01 03 05 00 00 03 02 01 03 02 01 03 03 01 02 06 02 03 03 01 02 04 03 05 03 00 02 03 02 00 03 05 00 02 04 03 01 02 02 01 03 04 03 02 05 01 04 03 05 03 02 04 04 03 00 04 04 00 03 01 01 02 03 02 02 03 06 03 04 04 02 05 05 00 00 05 05 05 03 
07 01 03 04 16 10 04 19 17 10 04 02 06 14 16 12 33 06 08 18 05 04 02 05 02 04 02 05 03 03 03 06 02 03 02 04 03 00 02 02 01 01 01 04 02 03 01 03 05 02 04 01 04 02 03 03 04 01 03 04 03 04 02 02 01 02 00 05 02 03 04 02 01 05 03 01 03 03 00 01 03 02 03 02 03 01 04 05 07 04 01 04 03 03 03 06 03 02 02 05 02 01 02 00 05 03 05 04 03 02 03 04 04 02 03 05 05 03 01 02 03 02 06 04 02 02 03 01 01 04 03 03 01 05 02 01 05 01 05 03 04 03 03 03 04 02 03 02 03 02 04 02 03 05 03 02 03 03 05 03 00 00 04 03 05 04 03 01 02 05 03 03 01 02 03 01 01 02 03 02 06 04 03 03 02 03 04 03 02 03 
04 03 03 10 06 06 06 04 03 02 04 02 01 04 01 02 02 04 07 01 03 02 05 06 01 03 03 03 02 03 02 00 02 01 05 03 01 03 04 04 00 01 01 05 04 03 01 02 02 07 02 04 00 04 02 01 02 03 01 02 07 03 06 00 04 02 03 01 01 02 03 02 03 05 06 01 02 03 03 01 03 01 04 02 03 05 02 06 00 00 00 01 02 03 06 02 03 03 05 03 03 05 03 03 04 06 00 02 03 01 03 04 00 01 04 06 01 03 00 00 01 02 02 04 04 01 03 05 01 03 04 02 02 02 04 01 02 03 00 02 04 05 03 05 04 03 06 02 02 03 05 04 03 02 05 03 06 02 03 03 03 04 04 01 02 02 02 02 03 03 05 03 02 02 03 03 02 05 02 03 03 03 02 03 03 02 03 04 04 02 
11 41 36 19 22 27 03 16 17 05 01 02 02 02 02 04 02 05 00 00 03 01 03 01 02 04 02 03 02 01 01 03 01 02 03 02 00 02 02 01 03 02 02 05 00 03 03 02 01 01 01 01 01 02 03 02 04 03 03 06 02 03 01 03 02 03 04 02 02 03 02 05 04 01 03 04 02 02 00 05 01 00 02 04 04 02 04 03 00 02 03 04 03 02 03 03 06 03 01 02 07 04 04 04 05 02 03 02 03 03 06 03 01 04 02 05 03 05 02 02 02 03 00 03 03 02 02 02 02 05 02 02 02 02 03 03 05 03 04 03 05 03 03 00 03 02 02 04 03 02 04 01 05 02 01 05 03 01 03 01 02 01 01 05 03 04 00 01 03 04 03 01 01 05 02 03 04 05 03 01 02 04 02 05 05 04 00 03 02 04 
10 05 02 18 06 07 34 12 04 08 06 15 05 09 06 07 01 05 02 02 04 00 04 02 05 00 03 03 03 01 02 03 03 04 01 04 01 02 01 03 03 03 02 04 02 02 00 01 06 03 00 02 03 03 05 02 09 01 05 02 02 03 03 04 05 05 02 04 04 01 03 03 01 02 04 03 02 00 04 02 02 04 01 02 01 02 02 03 02 02 02 02 01 04 03 02 03 03 01 04 03 02 02 03 02 02 04 05 02 02 03 03 04 02 05 02 05 06 06 04 02 04 01 03 04 05 02 03 03 04 02 05 03 02 01 03 01 03 02 05 00 02 03 00 01 00 03 02 04 04 05 06 02 04 03 01 04 04 02 00 06 03 07 01 02 05 03 03 05 04 02 03 03 02 04 02 02 04 03 01 03 04 03 04 02 02 04 03 03 04 
12 34 10 11 00 00 00 04 15 04 13 53 04 07 02 08 05 03 04 06 03 02 03 01 02 03 07 03 06 03 03 01 02 04 01 03 04 04 05 00 01 04 06 02 03 01 01 02 04 02 02 03 01 04 03 01 03 00 05 03 01 03 03 04 01 01 02 02 01 03 03 04 03 03 00 01 04 02 03 01 03 02 02 04 03 00 02 04 02 01 04 01 06 03 03 02 06 02 04 02 04 03 01 03 04 04 01 02 03 02 01 00 03 04 03 00 05 02 03 01 03 04 01 02 07 06 03 03 03 05 07 02 05 04 00 04 03 03 01 04 03 03 03 03 04 05 04 05 01 04 03 04 03 01 04 02 03 05 02 02 01 03 02 01 04 04 05 02 04 04 04 02 02 02 06 02 02 01 02 03 00 01 02 05 05 05 00 02 01 00 
07 04 06 06 06 01 03 01 05 04 01 04 04 09 03 02 05 04 05 02 03 03 00 06 05 04 00 01 03 01 01 02 02 05 03 06 03 02 02 03 01 04 03 03 00 02 03 03 00 01 04 02 02 05 04 02 02 02 01 01 02 00 02 03 04 05 01 02 01 02 03 01 00 02 03 04 00 02 02 02 03 03 00 01 01 01 02 01 02 03 03 02 04 02 02 00 00 02 00 00 00 02 04 05 04 03 02 02 04 03 00 03 04 02 02 03 03 02 01 01 02 04 03 02 04 03 03 02 05 05 03 03 05 03 06 03 02 04 02 04 02 02 01 03 03 02 02 00 05 05 08 03 03 02 03 04 01 02 06 01 02 02 02 02 04 01 02 02 04 04 01 02 04 03 03 04 04 02 03 04 02 03 01 03 02 01 05 03 03 05 
08 12 05 01 07 03 02 00 05 10 10 16 36 43 08 02 06 05 03 05 05 16 02 04 03 06 03 01 03 00 03 02 03 06 05 02 01 03 00 02 01 05 02 01 02 03 03 02 03 01 01 02 02 04 03 03 02 05 02 04 03 02 04 03 03 03 02 05 02 02 02 01 02 05 02 04 02 01 03 02 05 04 02 03 01 03 03 01 03 03 06 04 07 00 03 03 02 05 05 05 05 02 03 02 03 02 04 04 00 01 03 03 01 03 03 03 02 01 01 01 04 04 05 03 03 01 04 01 03 05 04 04 01 03 04 06 05 04 03 04 05 04 02 02 02 02 02 04 02 01 03 03 07 02 04 02 03 03 02 02 02 02 07 00 01 02 02 01 02 03 03 04 00 01 04 05 04 02 02 02 02 03 04 05 03 02 01 03 02 03 
07 08 05 01 06 12 03 09 20 04 02 03 02 07 10 06 03 03 02 14 11 27 22 07 09 16 12 11 05 03 09 05 05 03 02 02 01 03 05 01 01 04 03 05 01 01 02 03 04 02 03 00 00 02 01 01 02 05 02 03 02 01 02 02 01 03 04 04 02 01 02 03 03 01 04 04 01 01 04 02 04 02 03 05 03 03 04 02 00 01 03 01 02 04 02 03 01 02 01 03 04 02 03 04 04 00 05 03 01 03 01 03 03 05 05 03 00 00 03 02 05 05 04 01 05 04 02 04 02 03 01 05 03 01 03 03 01 01 04 02 03 04 03 02 03 03 04 03 02 05 04 05 06 01 02 03 02 04 03 03 04 01 03 06 05 01 05 01 01 04 04 01 03 03 03 02 02 04 03 01 00 04 02 01 04 02 02 03 05 04 
29 08 04 10 21 22 19 06 12 09 11 01 00 04 06 07 04 01 02 03 03 05 07 02 05 01 02 00 06 02 01 01 07 04 01 01 03 01 02 04 00 01 01 02 02 02 00 01 05 06 03 05 01 02 02 01 03 00 01 00 02 04 02 03 03 03 04 02 02 01 04 06 01 04 00 01 02 03 01 04 00 01 02 01 05 04 05 02 04 03 06 02 00 02 04 04 03 04 01 03 02 03 00 04 02 03 05 01 02 03 05 03 02 04 07 04 02 01 00 01 02 03 03 04 03 01 04 02 02 01 07 04 04 01 00 01 02 01 04 03 02 04 00 02 06 01 04 02 02 02 02 02 03 00 05 03 03 04 03 01 02 02 07 03 02 04 04 02 02 03 02 01 04 02 03 03 04 02 05 04 00 01 04 03 03 01 02 03 02 02 
14 18 06 03 03 15 16 05 12 02 17 14 06 08 09 07 05 41 06 22 22 08 04 02 01 04 02 01 05 00 04 04 05 03 03 03 01 01 03 04 02 01 02 04 01 02 00 01 03 02 03 03 01 03 01 04 01 02 04 02 04 01 01 05 02 02 05 03 02 05 04 04 03 01 04 00 04 02 03 02 04 01 04 01 02 02 01 03 04 02 05 04 03 02 06 03 04 03 06 03 03 03 07 03 01 04 02 04 03 05 04 06 02 03 03 01 05 04 02 05 01 04 00 03 02 02 01 04 00 02 04 02 01 02 02 03 03 03 01 05 05 02 03 01 03 06 03 05 02 04 02 07 02 03 03 02 04 04 04 03 02 01 03 00 04 03 01 00 02 05 03 02 01 05 01 03 01 02 02 03 05 01 01 02 03 03 01 04 03 04 
11 26 35 09 12 14 07 01 06 05 04 01 01 05 04 03 08 06 04 03 02 01 02 04 02 04 05 00 03 03 07 04 01 02 00 00 02 03 04 01 02 03 02 02 01 05 05 02 04 02 03 04 05 02 00 04 04 01 03 03 03 02 06 03 01 04 08 03 01 04 03 04 02 04 01 01 01 03 06 03 01 02 03 01 06 05 05 01 02 02 02 04 04 01 02 03 02 04 04 05 04 05 08 02 01 03 02 03 06 01 02 02 03 02 03 01 04 03 01 02 03 02 02 04 03 03 05 01 05 03 02 03 04 02 04 01 04 03 03 04 04 01 04 01 01 04 04 03 04 03 03 04 06 03 02 02 02 02 01 03 01 00 03 07 02 03 01 03 03 01 04 05 02 02 04 06 03 01 04 03 04 02 04 03 03 04 02 02 05 02 
04 08 18 17 10 01 02 03 03 05 00 06 04 05 03 01 05 08 05 07 04 04 03 03 02 02 02 02 05 02 02 02 00 04 03 02 01 00 03 02 01 01 02 03 00 05 03 05 02 04 00 02 01 02 01 01 01 04 02 04 02 02 03 03 02 00 02 03 03 05 04 00 03 05 04 00 03 02 03 00 01 04 03 01 04 05 06 03 03 05 04 06 06 05 02 03 01 02 06 02 01 04 03 03 02 01 03 02 01 03 01 03 04 02 05 04 02 05 02 03 02 07 03 02 02 04 02 03 04 02 02 01 02 02 00 04 01 03 01 03 04 05 03 01 04 02 01 03 05 00 01 03 03 04 04 02 03 02 00 03 04 01 04 06 02 03 01 00 02 00 03 04 03 03 03 03 05 03 03 03 02 04 03 01 02 05 04 04 02 03 
19 07 02 18 20 20 21 00 30 13 11 10 22 19 04 02 02 05 13 14 02 02 00 04 06 03 02 02 01 03 03 02 05 03 03 02 03 03 01 00 05 01 04 03 01 01 04 00 12 26 08 21 12 07 12 03 02 02 00 02 03 04 02 03 02 01 01 00 02 01 03 04 02 01 02 04 02 02 01 01 00 04 03 02 05 05 02 02 02 01 03 04 03 04 03 03 02 02 01 02 05 05 02 04 05 00 05 02 04 03 01 03 03 04 01 02 01 06 02 05 00 03 01 03 05 07 03 02 01 04 03 03 06 04 00 03 02 02 01 03 01 04 02 06 02 01 05 06 02 01 02 04 01 03 00 00 03 06 04 05 02 00 00 02 04 03 03 03 04 04 02 03 03 04 03 03 06 02 04 02 02 02 04 04 03 03 04 04 02 03 
21 23 13 22 14 19 06 03 09 08 03 03 01 03 04 07 07 08 06 03 05 02 01 02 04 02 01 03 01 03 01 05 05 01 02 04 04 01 02 04 02 04 03 03 01 04 03 06 03 04 00 04 02 05 02 01 04 02 03 03 01 02 02 03 02 02 02 00 05 05 02 04 03 00 01 02 00 02 02 01 00 02 00 02 02 06 00 01 04 01 00 02 05 02 05 05 05 02 03 01 04 05 01 02 02 00 03 01 02 01 01 03 03 02 03 03 02 02 01 01 04 03 03 03 00 01 05 04 05 03 02 02 06 04 03 03 03 02 05 02 01 01 02 01 01 02 04 02 03 04 01 03 00 02 03 05 03 00 03 02 06 00 02 02 02 02 03 02 00 01 02 07 05 03 05 06 02 04 02 03 00 01 02 04 02 01 04 04 04 02 
04 20 10 19 15 11 17 24 17 17 35 16 09 06 07 03 05 01 04 03 04 04 03 02 02 00 03 04 03 03 03 04 01 04 00 04 01 03 02 03 01 04 05 01 03 01 00 02 03 02 03 03 03 03 03 03 01 03 03 05 04 03 02 04 02 01 04 00 03 01 04 00 02 05 05 02 02 01 04 00 01 02 03 05 01 06 03 02 04 00 03 01 03 00 06 04 01 03 03 03 03 06 04 04 04 04 02 05 02 02 02 06 04 04 01 05 03 03 02 06 05 04 01 06 05 05 04 02 01 03 05 03 02 06 00 01 01 02 00 04 01 02 02 02 03 02 02 04 01 03 03 02 03 03 05 04 02 01 03 03 04 02 02 01 03 04 01 03 02 02 02 07 03 04 01 04 01 05 04 01 02 02 04 05 02 01 02 03 04 05 
19 13 28 04 05 04 06 05 14 22 06 08 04 08 05 04 15 04 07 03 08 00 03 03 06 05 02 03 05 04 04 03 02 01 01 02 05 04 05 03 04 01 01 02 03 03 05 05 03 04 05 01 04 03 03 03 02 01 03 06 03 03 02 04 02 01 04 01 07 01 01 01 02 04 01 01 01 02 00 02 03 02 01 00 03 03 01 03 04 04 00 05 01 01 03 04 02 04 04 02 03 01 06 03 02 01 02 03 02 03 04 02 06 02 02 02 05 04 04 01 03 02 02 04 03 01 03 02 00 06 01 01 04 04 02 08 02 06 04 03 05 05 05 03 02 04 01 04 06 04 02 03 03 03 00 04 01 05 02 02 01 05 06 02 03 02 01 05 03 06 02 04 01 04 01 00 04 03 03 02 02 02 01 05 01 03 05 04 01 03 
04 11 00 00 14 19 36 18 50 12 15 12 05 23 06 01 02 18 04 01 00 03 02 06 06 02 02 02 02 05 02 02 02 03 00 03 05 03 02 01 04 01 03 01 00 03 02 01 01 03 00 01 04 03 03 04 03 02 03 04 03 01 02 04 02 03 05 01 03 03 02 02 03 02 03 02 02 03 02 00 01 03 00 01 01 01 03 04 03 01 04 03 05 03 03 02 02 05 03 04 03 02 03 01 02 02 05 00 04 08 02 02 05 07 01 00 01 07 04 03 04 02 03 03 03 02 04 02 02 01 02 05 02 03 02 01 05 01 00 06 03 03 06 03 03 02 03 04 03 03 02 07 00 02 03 02 05 03 01 04 03 07 04 03 01 02 05 01 01 02 05 03 04 02 03 01 01 03 02 02 01 02 02 04 00 02 02 03 03 04 
11 06 04 04 04 18 13 10 07 00 01 06 02 02 07 04 01 03 03 01 04 01 06 03 04 00 01 04 01 01 06 02 01 03 01 01 02 01 02 01 03 05 02 02 02 01 04 01 04 04 03 02 05 02 03 02 05 02 03 01 01 01 00 03 04 01 04 00 02 04 03 06 03 02 04 02 02 01 03 02 04 03 01 02 04 04 04 03 02 04 02 04 01 02 04 03 03 04 00 03 02 03 01 03 02 01 01 05 01 01 03 02 03 05 02 02 01 08 00 03 02 03 02 04 01 02 03 00 04 03 02 04 03 01 03 07 02 06 02 02 05 02 01 02 05 05 03 01 02 03 04 01 01 04 03 03 05 06 04 02 03 04 03 04 06 01 03 02 00 02 02 03 01 02 03 00 04 05 02 05 02 02 05 03 01 03 07 04 06 04 
09 06 23 10 20 01 04 06 02 02 05 03 02 01 05 01 04 03 00 04 02 04 06 01 02 01 03 00 06 03 01 00 01 00 04 00 05 03 02 04 05 03 01 00 01 03 02 02 02 00 02 04 00 02 04 03 01 03 03 00 00 03 02 02 04 05 03 03 03 03 00 04 02 04 01 02 02 03 02 01 03 02 01 02 02 01 02 01 04 04 01 01 04 03 03 03 03 04 03 02 02 02 04 02 03 04 01 05 05 04 04 07 02 02 03 02 03 03 02 05 02 04 04 02 04 03 01 03 02 07 03 03 03 02 03 02 00 02 02 04 00 04 01 01 03 05 01 01 01 01 03 02 01 02 05 03 01 01 03 02 02 04 01 04 02 01 01 04 01 01 06 07 04 04 05 01 03 01 03 01 02 03 03 03 03 03 04 02 04 00 
07 05 03 07 04 03 06 03 08 03 00 05 02 03 02 04 02 02 01 03 04 03 01 02 01 03 01 02 02 02 05 05 04 06 04 02 03 04 03 02 03 05 03 01 05 01 05 01 04 03 03 04 02 02 03 01 05 02 02 01 04 02 03 04 02 01 03 04 06 03 06 06 02 03 02 02 04 00 01 02 04 00 03 01 04 03 01 03 06 02 00 00 00 00 00 00 00 00 00 00 00 00 00 00 00 00 00 00 00 00 00 00 00 00 00 00 00 00 00 00 00 00 00 00 00 00 00 00 00 00 00 00 00 00 00 00 00 00 00 00 00 00 00 00 00 00 00 00 00 00 00 00 00 00 00 00 00 00 00 00 00 00 00 00 00 00 00 00 00 00 00 00 00 00 00 00 00 00 00 00 00 00 00 00 00 00 00 00 00 00 
13 05 03 04 02 02 02 01 01 02 03 03 02 04 03 02 04 02 01 03 01 02 04 01 05 03 04 05 02 02 02 02 00 00 02 01 03 05 02 04 05 05 01 00 00 07 03 03 01 03 05 03 04 02 04 02 01 04 00 03 02 01 04 01 02 05 02 01 01 05 00 03 03 04 01 02 03 02 01 01 01 02 03 03 01 02 02 02 02 04 00 00 00 00 00 00 00 00 00 00 00 00 00 00 00 00 00 00 00 00 00 00 00 00 00 00 00 00 00 00 00 00 00 00 00 00 00 00 00 00 00 00 00 00 00 00 00 00 00 00 00 00 00 00 00 00 00 00 00 00 00 00 00 00 00 00 00 00 00 00 00 00 00 00 00 00 00 00 00 00 00 00 00 00 00 00 00 00 00 00 00 00 00 00 00 00 00 00 00 00 
10 07 02 03 04 03 01 04 03 09 05 03 01 02 02 04 01 02 04 04 01 00 04 04 01 02 00 02 01 04 01 05 03 04 01 03 02 03 02 03 02 01 01 03 05 01 01 04 01 02 00 01 01 02 02 04 01 00 01 02 03 05 02 04 02 02 01 02 03 00 02 03 03 02 01 01 02 02 02 01 02 03 00 03 02 04 02 02 04 01 00 00 00 00 00 00 00 00 00 00 00 00 00 00 00 00 00 00 00 00 00 00 00 00 00 00 00 00 00 00 00 00 00 00 00 00 00 00 00 00 00 00 00 00 00 00 00 00 00 00 00 00 00 00 00 00 00 00 00 00 00 00 00 00 00 00 00 00 00 00 00 00 00 00 00 00 00 00 00 00 00 00 00 00 00 00 00 00 00 00 00 00 00 00 00 00 00 00 00 00 
11 08 07 03 06 02 07 11 06 04 01 03 05 07 04 03 02 03 08 03 05 01 02 04 04 02 02 00 01 01 05 02 01 03 01 03 00 01 03 02 02 04 02 02 02 02 02 00 02 04 03 03 02 02 02 05 02 02 01 00 00 03 02 04 02 02 03 02 03 02 02 01 02 03 03 02 01 02 03 02 02 03 05 03 01 03 02 02 04 04 00 00 00 00 00 00 00 00 00 00 00 00 00 00 00 00 00 00 00 00 00 00 00 00 00 00 00 00 00 00 00 00 00 00 00 00 00 00 00 00 00 00 00 00 00 00 00 00 00 00 00 00 00 00 00 00 00 00 00 00 00 00 00 00 00 00 00 00 00 00 00 00 00 00 00 00 00 00 00 00 00 00 00 00 00 00 00 00 00 00 00 00 00 00 00 00 00 00 00 00 
13 08 05 05 08 04 05 03 04 02 03 01 03 07 05 03 01 02 00 01 05 03 01 03 02 05 00 01 05 03 05 04 01 01 00 02 04 05 03 03 02 02 01 03 01 00 04 03 03 05 01 02 02 02 05 04 03 04 01 02 01 02 02 03 03 04 02 02 01 00 03 03 04 03 05 03 05 01 03 03 01 02 03 05 02 04 03 00 01 02 00 00 00 00 00 00 00 00 00 00 00 00 00 00 00 00 00 00 00 00 00 00 00 00 00 00 00 00 00 00 00 00 00 00 00 00 00 00 00 00 00 00 00 00 00 00 00 00 00 00 00 00 00 00 00 00 00 00 00 00 00 00 00 00 00 00 00 00 00 00 00 00 00 00 00 00 00 00 00 00 00 00 00 00 00 00 00 00 00 00 00 00 00 00 00 00 00 00 00 00 
12 03 07 02 00 06 07 02 07 03 04 02 07 04 01 01 02 02 02 03 04 02 01 03 05 01 00 01 01 02 03 04 02 01 05 03 04 02 01 02 02 05 01 00 03 04 01 04 02 01 01 04 01 03 01 02 03 05 03 02 01 03 03 02 02 04 01 01 03 05 04 05 04 03 03 04 05 02 02 05 01 04 04 02 05 02 02 03 02 04 00 00 00 00 00 00 00 00 00 00 00 00 00 00 00 00 00 00 00 00 00 00 00 00 00 00 00 00 00 00 00 00 00 00 00 00 00 00 00 00 00 00 00 00 00 00 00 00 00 00 00 00 00 00 00 00 00 00 00 00 00 00 00 00 00 00 00 00 00 00 00 00 00 00 00 00 00 00 00 00 00 00 00 00 00 00 00 00 00 00 00 00 00 00 00 00 00 00 00 00 
09 03 06 07 02 04 04 05 09 04 07 10 06 06 05 07 08 04 02 05 03 01 02 02 02 02 00 04 02 03 01 04 03 03 03 03 02 02 06 03 01 02 03 02 03 02 00 02 03 05 05 02 03 00 02 03 02 03 04 02 02 01 03 00 02 02 03 02 02 01 03 03 01 02 02 01 03 01 02 05 05 03 02 02 03 04 01 02 05 04 00 00 00 00 00 00 00 00 00 00 00 00 00 00 00 00 00 00 00 00 00 00 00 00 00 00 00 00 00 00 00 00 00 00 00 00 00 00 00 00 00 00 00 00 00 00 00 00 00 00 00 00 00 00 00 00 00 00 00 00 00 00 00 00 00 00 00 00 00 00 00 00 00 00 00 00 00 00 00 00 00 00 00 00 00 00 00 00 00 00 00 00 00 00 00 00 00 00 00 00 
13 14 12 10 04 07 08 06 06 09 02 04 04 01 02 06 05 02 03 03 04 03 02 03 03 07 01 03 05 00 02 01 01 02 02 00 02 03 03 04 01 04 02 03 03 01 02 03 00 03 03 06 03 01 01 05 01 03 04 01 04 00 03 02 03 01 02 04 02 03 01 06 01 04 02 04 02 02 03 02 04 02 03 05 02 02 04 02 02 02 00 00 00 00 00 00 00 00 00 00 00 00 00 00 00 00 00 00 00 00 00 00 00 00 00 00 00 00 00 00 00 00 00 00 00 00 00 00 00 00 00 00 00 00 00 00 00 00 00 00 00 00 00 00 00 00 00 00 00 00 00 00 00 00 00 00 00 00 00 00 00 00 00 00 00 00 00 00 00 00 00 00 00 00 00 00 00 00 00 00 00 00 00 00 00 00 00 00 00 00 
09 03 07 02 04 04 01 03 07 10 06 05 06 02 02 02 04 03 01 00 02 04 01 01 02 01 04 04 04 02 02 02 03 02 04 03 03 01 00 02 01 01 03 01 02 03 04 01 03 05 02 03 04 02 03 00 01 01 03 02 04 03 04 02 03 04 05 03 03 04 03 02 03 03 02 01 04 02 02 01 04 02 00 01 06 01 04 04 00 03 00 00 00 00 00 00 00 00 00 00 00 00 00 00 00 00 00 00 00 00 00 00 00 00 00 00 00 00 00 00 00 00 00 00 00 00 00 00 00 00 00 00 00 00 00 00 00 00 00 00 00 00 00 00 00 00 00 00 00 00 00 00 00 00 00 00 00 00 00 00 00 00 00 00 00 00 00 00 00 00 00 00 00 00 00 00 00 00 00 00 00 00 00 00 00 00 00 00 00 00 
12 13 13 14 11 06 11 12 10 08 08 09 08 10 04 06 03 03 08 05 02 08 08 06 06 04 00 05 02 01 04 04 04 03 06 00 03 05 03 02 06 04 03 03 03 01 02 03 04 02 01 01 02 02 02 02 07 02 01 01 03 01 06 03 01 02 03 01 02 04 02 04 01 02 01 01 01 04 01 02 02 00 03 02 02 01 05 00 01 04 00 00 00 00 00 00 00 00 00 00 00 00 00 00 00 00 00 00 00 00 00 00 00 00 00 00 00 00 00 00 00 00 00 00 00 00 00 00 00 00 00 00 00 00 00 00 00 00 00 00 00 00 00 00 00 00 00 00 00 00 00 00 00 00 00 00 00 00 00 00 00 00 00 00 00 00 00 00 00 00 00 00 00 00 00 00 00 00 00 00 00 00 00 00 00 00 00 00 00 00 
06 04 04 04 04 05 06 01 00 05 08 02 03 04 06 01 02 04 03 01 04 04 03 03 04 04 04 03 03 02 03 03 04 03 03 01 03 02 02 01 04 02 02 03 03 02 02 04 04 03 01 00 00 02 03 02 02 01 02 03 01 06 04 00 04 01 01 05 04 01 02 02 03 03 05 03 02 04 03 03 04 02 02 05 02 06 04 01 00 03 00 00 00 00 00 00 00 00 00 00 00 00 00 00 00 00 00 00 00 00 00 00 00 00 00 00 00 00 00 00 00 00 00 00 00 00 00 00 00 00 00 00 00 00 00 00 00 00 00 00 00 00 00 00 00 00 00 00 00 00 00 00 00 00 00 00 00 00 00 00 00 00 00 00 00 00 00 00 00 00 00 00 00 00 00 00 00 00 00 00 00 00 00 00 00 00 00 00 00 00 
08 04 03 07 02 03 03 07 01 03 03 05 02 01 02 04 03 03 05 02 04 06 03 02 03 03 04 02 00 03 01 02 02 05 05 05 02 05 04 01 01 02 03 03 03 02 04 05 02 03 01 02 02 02 01 04 02 01 04 03 01 02 02 02 01 00 01 03 03 05 03 03 04 03 01 03 03 02 03 05 03 01 01 03 01 02 01 03 02 03 00 00 00 00 00 00 00 00 00 00 00 00 00 00 00 00 00 00 00 00 00 00 00 00 00 00 00 00 00 00 00 00 00 00 00 00 00 00 00 00 00 00 00 00 00 00 00 00 00 00 00 00 00 00 00 00 00 00 00 00 00 00 00 00 00 00 00 00 00 00 00 00 00 00 00 00 00 00 00 00 00 00 00 00 00 00 00 00 00 00 00 00 00 00 00 00 00 00 00 00 
05 07 06 05 05 05 08 04 01 02 02 04 01 02 01 03 06 01 01 00 02 03 02 04 04 03 02 03 01 03 03 02 02 01 01 04 03 02 04 02 00 03 01 00 02 03 02 02 05 02 04 00 00 03 03 01 03 04 01 02 02 02 03 02 03 01 03 01 03 02 04 03 04 02 01 03 00 01 02 04 03 01 03 04 02 02 03 02 01 02 00 00 00 00 00 00 00 00 00 00 00 00 00 00 00 00 00 00 00 00 00 00 00 00 00 00 00 00 00 00 00 00 00 00 00 00 00 00 00 00 00 00 00 00 00 00 00 00 00 00 00 00 00 00 00 00 00 00 00 00 00 00 00 00 00 00 00 00 00 00 00 00 00 00 00 00 00 00 00 00 00 00 00 00 00 00 00 00 00 00 00 00 00 00 00 00 00 00 00 00 
11 08 05 11 11 06 02 09 08 04 09 09 04 05 03 04 02 04 05 02 03 02 04 01 02 05 03 05 02 03 04 06 01 04 03 00 03 03 01 04 02 04 03 00 04 04 02 01 02 01 05 01 02 05 01 03 01 05 02 03 00 02 02 01 02 04 01 02 02 03 03 01 02 05 05 03 01 02 04 03 03 01 01 06 04 02 03 00 03 03 00 00 00 00 00 00 00 00 00 00 00 00 00 00 00 00 00 00 00 00 00 00 00 00 00 00 00 00 00 00 00 00 00 00 00 00 00 00 00 00 00 00 00 00 00 00 00 00 00 00 00 00 00 00 00 00 00 00 00 00 00 00 00 00 00 00 00 00 00 00 00 00 00 00 00 00 00 00 00 00 00 00 00 00 00 00 00 00 00 00 00 00 00 00 00 00 00 00 00 00 
10 08 08 11 16 11 10 09 13 11 05 05 15 14 01 02 01 08 10 04 01 05 04 04 01 02 05 04 01 03 04 05 02 01 01 04 02 04 02 01 04 02 04 01 03 00 03 07 00 03 03 02 01 02 03 03 03 00 01 04 03 00 02 04 02 02 04 05 02 01 03 03 02 03 03 00 01 03 05 03 02 06 02 03 04 00 00 03 02 03 00 00 00 00 00 00 00 00 00 00 00 00 00 00 00 00 00 00 00 00 00 00 00 00 00 00 00 00 00 00 00 00 00 00 00 00 00 00 00 00 00 00 00 00 00 00 00 00 00 00 00 00 00 00 00 00 00 00 00 00 00 00 00 00 00 00 00 00 00 00 00 00 00 00 00 00 00 00 00 00 00 00 00 00 00 00 00 00 00 00 00 00 00 00 00 00 00 00 00 00 
13 07 05 05 06 06 02 06 08 04 04 02 01 02 02 04 02 02 00 03 04 02 00 02 03 02 02 02 02 01 03 04 04 04 03 02 03 02 01 02 01 04 01 02 02 01 05 05 06 02 03 02 00 03 00 01 02 01 02 04 02 02 08 04 02 04 00 02 02 02 01 00 02 03 05 03 00 02 04 01 02 01 04 02 05 05 01 02 01 06 00 00 00 00 00 00 00 00 00 00 00 00 00 00 00 00 00 00 00 00 00 00 00 00 00 00 00 00 00 00 00 00 00 00 00 00 00 00 00 00 00 00 00 00 00 00 00 00 00 00 00 00 00 00 00 00 00 00 00 00 00 00 00 00 00 00 00 00 00 00 00 00 00 00 00 00 00 00 00 00 00 00 00 00 00 00 00 00 00 00 00 00 00 00 00 00 00 00 00 00 
07 10 06 07 04 05 05 04 04 04 04 04 05 02 03 01 02 04 02 04 05 03 03 03 01 01 02 03 05 02 03 04 03 03 03 01 01 02 01 01 01 00 04 02 02 06 03 01 02 02 05 01 03 03 03 03 03 02 04 05 04 03 01 01 02 02 02 00 04 01 03 02 01 01 01 01 06 05 01 03 04 02 06 02 05 02 03 04 01 02 00 00 00 00 00 00 00 00 00 00 00 00 00 00 00 00 00 00 00 00 00 00 00 00 00 00 00 00 00 00 00 00 00 00 00 00 00 00 00 00 00 00 00 00 00 00 00 00 00 00 00 00 00 00 00 00 00 00 00 00 00 00 00 00 00 00 00 00 00 00 00 00 00 00 00 00 00 00 00 00 00 00 00 00 00 00 00 00 00 00 00 00 00 00 00 00 00 00 00 00 
10 09 15 06 03 02 03 02 03 01 05 02 04 02 02 03 02 01 04 03 03 04 02 06 04 04 02 04 01 03 00 00 02 02 00 05 03 04 00 02 00 02 02 04 03 05 02 01 04 01 03 03 01 02 00 02 04 02 04 03 02 02 01 03 02 02 02 04 02 03 02 01 03 01 01 05 01 02 01 03 00 01 01 02 01 03 03 02 01 04 00 00 00 00 00 00 00 00 00 00 00 00 00 00 00 00 00 00 00 00 00 00 00 00 00 00 00 00 00 00 00 00 00 00 00 00 00 00 00 00 00 00 00 00 00 00 00 00 00 00 00 00 00 00 00 00 00 00 00 00 00 00 00 00 00 00 00 00 00 00 00 00 00 00 00 00 00 00 00 00 00 00 00 00 00 00 00 00 00 00 00 00 00 00 00 00 00 00 00 00 
12 15 14 11 10 07 06 04 06 03 07 03 06 09 07 11 08 03 05 04 02 02 02 02 03 02 02 01 06 01 01 03 03 02 01 04 04 06 05 00 02 02 02 01 01 04 01 01 02 01 03 02 03 02 01 02 00 02 02 01 02 02 06 03 03 02 02 03 02 00 02 04 04 02 01 04 01 05 01 01 03 05 01 02 04 04 02 02 02 01 00 00 00 00 00 00 00 00 00 00 00 00 00 00 00 00 00 00 00 00 00 00 00 00 00 00 00 00 00 00 00 00 00 00 00 00 00 00 00 00 00 00 00 00 00 00 00 00 00 00 00 00 00 00 00 00 00 00 00 00 00 00 00 00 00 00 00 00 00 00 00 00 00 00 00 00 00 00 00 00 00 00 00 00 00 00 00 00 00 00 00 00 00 00 00 00 00 00 00 00 
10 13 04 06 05 09 04 06 08 04 05 05 06 02 05 02 03 04 04 02 05 05 01 02 03 04 03 01 03 05 01 02 03 01 03 04 05 03 02 02 01 02 02 04 03 04 01 01 02 02 00 03 04 04 03 01 02 02 04 03 03 02 02 03 02 03 00 06 02 02 04 02 02 07 03 03 05 04 02 01 04 03 02 04 01 05 04 03 01 03 00 00 00 00 00 00 00 00 00 00 00 00 00 00 00 00 00 00 00 00 00 00 00 00 00 00 00 00 00 00 00 00 00 00 00 00 00 00 00 00 00 00 00 00 00 00 00 00 00 00 00 00 00 00 00 00 00 00 00 00 00 00 00 00 00 00 00 00 00 00 00 00 00 00 00 00 00 00 00 00 00 00 00 00 00 00 00 00 00 00 00 00 00 00 00 00 00 00 00 00 
10 06 11 04 01 06 08 06 00 03 07 05 03 01 00 03 03 01 02 03 03 02 01 02 02 01 04 04 02 02 02 02 04 03 05 04 01 02 02 04 04 02 03 04 02 03 02 02 05 01 01 02 03 05 04 02 04 04 02 06 01 02 03 04 03 04 01 04 02 04 02 04 05 01 02 04 02 02 02 03 03 02 02 04 05 02 03 02 05 01 00 00 00 00 00 00 00 00 00 00 00 00 00 00 00 00 00 00 00 00 00 00 00 00 00 00 00 00 00 00 00 00 00 00 00 00 00 00 00 00 00 00 00 00 00 00 00 00 00 00 00 00 00 00 00 00 00 00 00 00 00 00 00 00 00 00 00 00 00 00 00 00 00 00 00 00 00 00 00 00 00 00 00 00 00 00 00 00 00 00 00 00 00 00 00 00 00 00 00 00 
06 04 00 04 04 03 02 04 03 00 02 03 04 05 04 01 03 05 04 02 01 02 04 02 03 02 02 01 01 00 04 02 03 04 00 03 03 01 02 04 01 05 02 04 02 04 02 04 03 02 03 03 00 01 02 02 01 01 03 05 05 05 02 03 05 07 03 03 02 03 03 02 02 02 01 01 02 01 03 01 02 02 01 03 02 02 03 00 03 03 00 00 00 00 00 00 00 00 00 00 00 00 00 00 00 00 00 00 00 00 00 00 00 00 00 00 00 00 00 00 00 00 00 00 00 00 00 00 00 00 00 00 00 00 00 00 00 00 00 00 00 00 00 00 00 00 00 00 00 00 00 00 00 00 00 00 00 00 00 00 00 00 00 00 00 00 00 00 00 00 00 00 00 00 00 00 00 00 00 00 00 00 00 00 00 00 00 00 00 00 
13 09 03 04 08 07 07 04 03 02 00 02 01 03 04 03 05 03 03 00 03 04 04 02 03 02 04 03 03 00 02 03 04 01 02 02 02 01 04 02 02 03 05 01 03 02 05 04 02 04 02 04 01 01 05 02 04 02 02 01 02 04 02 01 03 02 02 02 03 02 01 02 02 01 01 04 03 02 03 02 03 01 01 01 03 03 03 03 02 05 00 00 00 00 00 00 00 00 00 00 00 00 00 00 00 00 00 00 00 00 00 00 00 00 00 00 00 00 00 00 00 00 00 00 00 00 00 00 00 00 00 00 00 00 00 00 00 00 00 00 00 00 00 00 00 00 00 00 00 00 00 00 00 00 00 00 00 00 00 00 00 00 00 00 00 00 00 00 00 00 00 00 00 00 00 00 00 00 00 00 00 00 00 00 00 00 00 00 00 00 
11 11 08 06 08 02 13 13 04 03 06 06 07 02 02 04 04 03 03 04 03 02 02 04 04 02 05 00 00 05 03 02 01 01 01 02 06 02 02 04 03 01 01 01 03 02 02 01 03 04 02 04 05 01 02 02 03 03 05 03 03 03 05 03 02 01 03 03 02 05 01 01 03 03 01 05 02 03 01 02 03 02 03 03 01 02 02 02 01 04 00 00 00 00 00 00 00 00 00 00 00 00 00 00 00 00 00 00 00 00 00 00 00 00 00 00 00 00 00 00 00 00 00 00 00 00 00 00 00 00 00 00 00 00 00 00 00 00 00 00 00 00 00 00 00 00 00 00 00 00 00 00 00 00 00 00 00 00 00 00 00 00 00 00 00 00 00 00 00 00 00 00 00 00 00 00 00 00 00 00 00 00 00 00 00 00 00 00 00 00 
08 06 07 06 08 02 01 04 06 03 03 02 02 04 02 01 02 04 04 02 02 01 04 04 02 01 04 04 01 01 02 01 03 05 06 02 03 04 04 03 02 03 02 02 05 03 04 04 02 05 04 01 05 00 03 02 04 02 05 05 03 03 01 03 01 01 02 02 02 04 00 03 02 01 00 02 02 04 03 02 02 00 05 04 01 03 02 03 03 00 00 00 00 00 00 00 00 00 00 00 00 00 00 00 00 00 00 00 00 00 00 00 00 00 00 00 00 00 00 00 00 00 00 00 00 00 00 00 00 00 00 00 00 00 00 00 00 00 00 00 00 00 00 00 00 00 00 00 00 00 00 00 00 00 00 00 00 00 00 00 00 00 00 00 00 00 00 00 00 00 00 00 00 00 00 00 00 00 00 00 00 00 00 00 00 00 00 00 00 00 
10 08 04 05 02 03 08 03 09 04 04 02 01 01 02 03 03 06 03 04 04 03 04 03 03 02 02 03 03 05 03 05 00 03 03 04 03 02 04 03 04 01 04 00 02 02 02 03 03 01 00 02 01 05 01 02 02 02 03 04 01 01 02 02 02 01 02 04 04 03 02 03 01 01 02 01 02 04 03 03 01 04 00 04 04 04 02 03 01 02 00 00 00 00 00 00 00 00 00 00 00 00 00 00 00 00 00 00 00 00 00 00 00 00 00 00 00 00 00 00 00 00 00 00 00 00 00 00 00 00 00 00 00 00 00 00 00 00 00 00 00 00 00 00 00 00 00 00 00 00 00 00 00 00 00 00 00 00 00 00 00 00 00 00 00 00 00 00 00 00 00 00 00 00 00 00 00 00 00 00 00 00 00 00 00 00 00 00 00 00 
15 13 05 15 06 11 02 04 06 05 03 04 03 05 01 00 01 01 03 05 01 03 04 02 03 02 02 02 04 02 01 05 02 00 03 03 01 00 03 01 04 04 00 06 01 02 03 04 02 01 03 01 00 02 03 01 02 05 03 03 02 01 00 04 01 01 04 04 04 05 04 04 04 04 01 04 03 06 03 04 03 03 01 03 02 05 01 06 03 00 00 00 00 00 00 00 00 00 00 00 00 00 00 00 00 00 00 00 00 00 00 00 00 00 00 00 00 00 00 00 00 00 00 00 00 00 00 00 00 00 00 00 00 00 00 00 00 00 00 00 00 00 00 00 00 00 00 00 00 00 00 00 00 00 00 00 00 00 00 00 00 00 00 00 00 00 00 00 00 00 00 00 00 00 00 00 00 00 00 00 00 00 00 00 00 00 00 00 00 00 
08 02 04 03 03 08 06 04 05 01 02 09 02 03 01 02 04 03 02 03 01 04 00 02 02 06 04 02 01 03 04 02 02 03 02 05 01 03 03 03 01 02 01 03 06 03 04 04 02 02 03 03 04 03 04 02 03 04 04 01 01 01 02 01 00 02 05 01 01 02 04 00 01 02 04 03 05 02 00 05 02 05 02 01 04 06 06 02 03 01 00 00 00 00 00 00 00 00 00 00 00 00 00 00 00 00 00 00 00 00 00 00 00 00 00 00 00 00 00 00 00 00 00 00 00 00 00 00 00 00 00 00 00 00 00 00 00 00 00 00 00 00 00 00 00 00 00 00 00 00 00 00 00 00 00 00 00 00 00 00 00 00 00 00 00 00 00 00 00 00 00 00 00 00 00 00 00 00 00 00 00 00 00 00 00 00 00 00 00 00 
13 07 05 04 04 04 05 03 07 10 05 04 01 01 03 04 03 03 03 02 01 02 02 04 03 03 05 05 01 02 05 02 00 05 02 01 03 04 01 01 00 01 05 02 03 03 03 04 03 03 02 03 02 02 02 02 04 00 03 03 02 02 03 01 01 04 02 05 03 02 02 05 03 00 01 02 01 02 01 02 00 01 03 03 01 02 01 03 02 02 00 00 00 00 00 00 00 00 00 00 00 00 00 00 00 00 00 00 00 00 00 00 00 00 00 00 00 00 00 00 00 00 00 00 00 00 00 00 00 00 00 00 00 00 00 00 00 00 00 00 00 00 00 00 00 00 00 00 00 00 00 00 00 00 00 00 00 00 00 00 00 00 00 00 00 00 00 00 00 00 00 00 00 00 00 00 00 00 00 00 00 00 00 00 00 00 00 00 00 00 
12 03 06 07 04 12 05 06 06 03 05 04 08 01 01 03 02 02 05 01 02 04 03 01 05 02 02 05 02 04 02 02 05 04 02 02 02 03 03 01 01 01 03 02 02 02 04 03 05 04 03 03 05 01 04 00 00 04 02 01 01 02 03 03 00 02 04 03 03 01 02 01 03 03 01 02 02 00 02 02 02 01 02 02 04 01 04 00 02 01 00 00 00 00 00 00 00 00 00 00 00 00 00 00 00 00 00 00 00 00 00 00 00 00 00 00 00 00 00 00 00 00 00 00 00 00 00 00 00 00 00 00 00 00 00 00 00 00 00 00 00 00 00 00 00 00 00 00 00 00 00 00 00 00 00 00 00 00 00 00 00 00 00 00 00 00 00 00 00 00 00 00 00 00 00 00 00 00 00 00 00 00 00 00 00 00 00 00 00 00 
07 06 03 02 04 04 05 10 03 06 03 03 04 04 06 03 01 04 03 06 06 01 02 00 03 04 04 02 02 02 01 03 00 03 00 02 01 01 03 04 02 04 01 03 02 00 04 04 03 03 05 02 03 04 02 02 02 01 02 01 03 07 02 00 04 03 04 02 01 02 02 04 02 06 00 02 04 02 02 02 02 03 04 03 02 01 02 02 00 01 00 00 00 00 00 00 00 00 00 00 00 00 00 00 00 00 00 00 00 00 00 00 00 00 00 00 00 00 00 00 00 00 00 00 00 00 00 00 00 00 00 00 00 00 00 00 00 00 00 00 00 00 00 00 00 00 00 00 00 00 00 00 00 00 00 00 00 00 00 00 00 00 00 00 00 00 00 00 00 00 00 00 00 00 00 00 00 00 00 00 00 00 00 00 00 00 00 00 00 00 
12 13 10 10 14 05 06 03 02 04 04 03 02 03 02 04 01 02 02 04 04 02 02 05 00 04 03 05 06 05 03 01 03 01 03 01 02 03 06 03 01 02 02 01 05 04 04 03 02 05 01 03 02 01 01 02 02 04 01 02 03 02 03 04 01 00 02 01 02 04 04 03 01 01 03 00 03 03 04 06 03 03 02 04 04 00 04 03 03 03 00 00 00 00 00 00 00 00 00 00 00 00 00 00 00 00 00 00 00 00 00 00 00 00 00 00 00 00 00 00 00 00 00 00 00 00 00 00 00 00 00 00 00 00 00 00 00 00 00 00 00 00 00 00 00 00 00 00 00 00 00 00 00 00 00 00 00 00 00 00 00 00 00 00 00 00 00 00 00 00 00 00 00 00 00 00 00 00 00 00 00 00 00 00 00 00 00 00 00 00 
08 05 02 06 08 02 04 01 09 01 02 02 05 04 03 03 04 02 04 01 01 01 00 02 02 04 04 05 03 02 02 01 03 01 02 01 02 03 04 06 03 04 04 04 03 00 03 04 03 02 04 02 01 03 03 05 04 03 03 03 02 02 03 01 03 07 01 00 06 02 02 02 01 03 03 00 03 05 02 02 04 04 03 05 04 02 01 02 04 01 00 00 00 00 00 00 00 00 00 00 00 00 00 00 00 00 00 00 00 00 00 00 00 00 00 00 00 00 00 00 00 00 00 00 00 00 00 00 00 00 00 00 00 00 00 00 00 00 00 00 00 00 00 00 00 00 00 00 00 00 00 00 00 00 00 00 00 00 00 00 00 00 00 00 00 00 00 00 00 00 00 00 00 00 00 00 00 00 00 00 00 00 00 00 00 00 00 00 00 00 
10 06 00 01 02 08 03 05 04 07 07 02 04 02 05 01 02 05 03 05 05 04 03 02 07 01 03 00 02 05 03 05 03 03 04 02 05 05 02 02 03 04 02 02 01 04 03 02 03 02 02 01 04 02 03 02 02 06 04 01 03 02 01 06 01 03 04 04 04 00 03 02 03 03 03 00 01 04 07 01 04 05 01 02 00 02 04 02 04 04 00 00 00 00 00 00 00 00 00 00 00 00 00 00 00 00 00 00 00 00 00 00 00 00 00 00 00 00 00 00 00 00 00 00 00 00 00 00 00 00 00 00 00 00 00 00 00 00 00 00 00 00 00 00 00 00 00 00 00 00 00 00 00 00 00 00 00 00 00 00 00 00 00 00 00 00 00 00 00 00 00 00 00 00 00 00 00 00 00 00 00 00 00 00 00 00 00 00 00 00 
09 11 16 15 08 06 10 08 09 09 06 06 03 02 04 05 03 04 01 04 03 03 01 02 04 02 03 03 03 03 04 03 02 01 02 04 03 01 01 05 03 06 01 02 04 01 02 03 04 02 02 01 00 01 00 02 02 03 01 02 02 03 03 02 04 04 06 03 02 01 01 03 03 01 01 01 07 01 01 02 02 00 04 02 03 04 03 02 02 05 00 00 00 00 00 00 00 00 00 00 00 00 00 00 00 00 00 00 00 00 00 00 00 00 00 00 00 00 00 00 00 00 00 00 00 00 00 00 00 00 00 00 00 00 00 00 00 00 00 00 00 00 00 00 00 00 00 00 00 00 00 00 00 00 00 00 00 00 00 00 00 00 00 00 00 00 00 00 00 00 00 00 00 00 00 00 00 00 00 00 00 00 00 00 00 00 00 00 00 00 
11 09 03 02 02 04 04 03 02 04 04 03 04 06 03 02 03 02 04 02 05 02 01 02 06 03 02 01 00 01 04 01 00 04 04 03 04 02 03 01 04 04 02 03 02 01 02 01 00 01 01 03 04 01 03 01 02 03 03 02 02 03 03 03 03 02 02 00 03 05 01 01 02 04 01 00 03 01 03 05 04 00 02 02 01 02 00 07 03 01 00 00 00 00 00 00 00 00 00 00 00 00 00 00 00 00 00 00 00 00 00 00 00 00 00 00 00 00 00 00 00 00 00 00 00 00 00 00 00 00 00 00 00 00 00 00 00 00 00 00 00 00 00 00 00 00 00 00 00 00 00 00 00 00 00 00 00 00 00 00 00 00 00 00 00 00 00 00 00 00 00 00 00 00 00 00 00 00 00 00 00 00 00 00 00 00 00 00 00 00 
14 13 12 04 09 03 04 08 12 06 12 05 05 01 05 03 02 00 02 12 06 05 05 06 04 05 01 04 08 01 05 01 01 03 03 02 01 03 03 02 03 04 02 01 02 02 02 04 04 01 03 02 03 02 03 04 02 02 03 02 03 03 01 03 01 05 02 04 02 04 01 02 00 03 02 03 04 01 02 02 02 03 01 01 01 01 02 03 03 02 00 00 00 00 00 00 00 00 00 00 00 00 00 00 00 00 00 00 00 00 00 00 00 00 00 00 00 00 00 00 00 00 00 00 00 00 00 00 00 00 00 00 00 00 00 00 00 00 00 00 00 00 00 00 00 00 00 00 00 00 00 00 00 00 00 00 00 00 00 00 00 00 00 00 00 00 00 00 00 00 00 00 00 00 00 00 00 00 00 00 00 00 00 00 00 00 00 00 00 00 
04 01 05 03 03 01 01 02 09 05 03 03 01 03 02 02 01 04 03 02 03 04 02 03 03 03 02 01 00 05 04 01 02 01 01 01 03 03 03 04 04 04 05 03 00 05 02 04 04 05 01 00 03 06 04 06 02 01 03 02 04 02 04 04 04 01 03 01 01 03 00 02 00 04 02 03 02 02 02 01 04 05 05 02 03 02 03 01 03 03 00 00 00 00 00 00 00 00 00 00 00 00 00 00 00 00 00 00 00 00 00 00 00 00 00 00 00 00 00 00 00 00 00 00 00 00 00 00 00 00 00 00 00 00 00 00 00 00 00 00 00 00 00 00 00 00 00 00 00 00 00 00 00 00 00 00 00 00 00 00 00 00 00 00 00 00 00 00 00 00 00 00 00 00 00 00 00 00 00 00 00 00 00 00 00 00 00 00 00 00 
07 01 03 02 03 02 01 03 03 04 03 10 03 03 03 04 00 03 07 03 01 04 03 03 00 01 04 03 01 03 02 03 01 00 02 02 03 04 02 01 03 03 03 02 02 04 04 03 05 03 00 01 02 01 02 01 02 01 03 01 07 01 02 04 05 03 02 02 04 03 02 04 02 04 04 02 02 01 02 03 05 01 02 02 03 03 03 02 04 05 00 00 00 00 00 00 00 00 00 00 00 00 00 00 00 00 00 00 00 00 00 00 00 00 00 00 00 00 00 00 00 00 00 00 00 00 00 00 00 00 00 00 00 00 00 00 00 00 00 00 00 00 00 00 00 00 00 00 00 00 00 00 00 00 00 00 00 00 00 00 00 00 00 00 00 00 00 00 00 00 00 00 00 00 00 00 00 00 00 00 00 00 00 00 00 00 00 00 00 00 
05 10 16 04 08 08 12 14 01 03 03 02 03 01 03 06 02 02 04 01 11 06 03 01 03 03 03 04 03 02 04 02 04 03 02 01 01 02 02 03 02 02 01 04 01 03 02 02 02 02 05 02 04 02 03 01 04 04 00 03 00 05 03 00 05 02 03 04 03 04 02 00 00 01 00 02 03 01 04 04 05 02 01 02 04 03 04 02 03 02 00 00 00 00 00 00 00 00 00 00 00 00 00 00 00 00 00 00 00 00 00 00 00 00 00 00 00 00 00 00 00 00 00 00 00 00 00 00 00 00 00 00 00 00 00 00 00 00 00 00 00 00 00 00 00 00 00 00 00 00 00 00 00 00 00 00 00 00 00 00 00 00 00 00 00 00 00 00 00 00 00 00 00 00 00 00 00 00 00 00 00 00 00 00 00 00 00 00 00 00 
