14 16 17 07 08 14 10 12 12 01 02 00 05 07 04 02 02 01 02 01 04 01 01 04 03 01 02 04 01 01 04 02 01 03 00 00 02 04 03 03 02 01 03 03 01 03 01 02 04 03 02 02 06 01 03 03 02 03 02 05 02 02 01 03 04 04 02 01 03 02 02 02 04 03 03 01 04 03 03 02 04 02 01 03 05 01 02 02 03 00 00 00 00 00 00 00 00 00 00 00 00 00 00 00 00 00 00 00 00 00 00 00 00 00 00 00 00 00 00 00 00 00 00 00 00 00 00 00 00 00 00 00 00 00 00 00 00 00 00 00 00 00 00 00 00 00 00 00 00 00 00 00 00 00 00 00 00 00 00 00 00 00 00 00 00 00 00 00 00 00 00 00 00 00 00 00 00 00 00 00 00 00 00 00 00 00 00 00 00 00 
08 09 02 03 05 02 03 03 04 13 13 12 08 06 02 02 01 02 01 02 03 01 01 01 00 03 03 01 01 05 01 01 02 03 05 01 03 02 03 02 03 05 03 00 02 05 03 01 07 03 02 01 00 02 00 04 01 01 03 01 03 04 03 04 01 02 03 01 03 02 02 04 04 04 00 04 02 01 01 02 02 04 02 01 05 00 00 03 02 00 00 00 00 00 00 00 00 00 00 00 00 00 00 00 00 00 00 00 00 00 00 00 00 00 00 00 00 00 00 00 00 00 00 00 00 00 00 00 00 00 00 00 00 00 00 00 00 00 00 00 00 00 00 00 00 00 00 00 00 00 00 00 00 00 00 00 00 00 00 00 00 00 00 00 00 00 00 00 00 00 00 00 00 00 00 00 00 00 00 00 00 00 00 00 00 00 00 00 00 00 
11 10 09 12 09 10 04 03 04 05 09 05 04 01 01 03 03 02 03 03 04 01 03 03 01 04 01 04 02 01 02 00 04 02 03 00 03 02 04 01 04 02 02 03 04 05 03 02 01 04 04 07 13 03 04 02 03 04 02 03 01 01 02 05 02 04 01 04 02 03 04 02 07 04 04 00 02 03 04 04 03 03 03 01 01 02 02 02 01 03 01 00 00 00 00 00 00 00 00 00 00 00 00 00 00 00 00 00 00 00 00 00 00 00 00 00 00 00 00 00 00 00 00 00 00 00 00 00 00 00 00 00 00 00 00 00 00 00 00 00 00 00 00 00 00 00 00 00 00 00 00 00 00 00 00 00 00 00 00 00 00 00 00 00 00 00 00 00 00 00 00 00 00 00 00 00 00 00 00 00 00 00 00 00 00 00 00 00 00 00 
06 11 05 06 02 09 08 15 17 04 06 07 02 03 04 01 06 02 02 00 02 03 03 03 01 03 04 02 02 05 02 02 03 01 00 03 01 01 02 02 02 01 02 04 01 02 02 04 03 01 03 04 00 02 01 04 01 04 05 02 03 04 03 03 02 03 01 01 02 01 02 04 02 04 03 01 03 04 00 02 04 04 05 01 04 04 04 02 03 01 00 00 00 00 00 00 00 00 00 00 00 00 00 00 00 00 00 00 00 00 00 00 00 00 00 00 00 00 00 00 00 00 00 00 00 00 00 00 00 00 00 00 00 00 00 00 00 00 00 00 00 00 00 00 00 00 00 00 00 00 00 00 00 00 00 00 00 00 00 00 00 00 00 00 00 00 00 00 00 00 00 00 00 00 00 00 00 00 00 00 00 00 00 00 00 00 00 00 00 00 
06 01 04 13 15 08 01 04 01 05 02 03 02 02 02 02 00 01 00 02 00 03 04 01 03 04 02 00 03 02 05 04 01 02 02 04 04 02 04 05 02 01 06 02 02 02 01 01 05 04 03 05 01 03 02 00 01 03 03 02 04 02 02 03 01 03 02 03 01 04 04 02 02 00 03 01 04 04 02 03 00 05 01 00 02 01 02 01 01 03 00 00 00 00 00 00 00 00 00 00 00 00 00 00 00 00 00 00 00 00 00 00 00 00 00 00 00 00 00 00 00 00 00 00 00 00 00 00 00 00 00 00 00 00 00 00 00 00 00 00 00 00 00 00 00 00 00 00 00 00 00 00 00 00 00 00 00 00 00 00 00 00 00 00 00 00 00 00 00 00 00 00 00 00 00 00 00 00 00 00 00 00 00 00 00 00 00 00 00 00 
13 13 17 14 13 08 04 06 13 12 11 04 00 02 02 04 03 03 05 01 06 02 01 01 03 01 02 01 03 03 02 03 05 02 04 05 01 00 02 04 02 06 02 05 03 04 02 03 03 04 01 04 04 00 01 01 01 01 06 03 04 01 03 01 04 01 03 02 05 01 02 03 02 01 03 03 01 04 02 03 03 02 02 03 01 03 03 01 04 02 00 00 00 00 00 00 00 00 00 00 00 00 00 00 00 00 00 00 00 00 00 00 00 00 00 00 00 00 00 00 00 00 00 00 00 00 00 00 00 00 00 00 00 00 00 00 00 00 00 00 00 00 00 00 00 00 00 00 00 00 00 00 00 00 00 00 00 00 00 00 00 00 00 00 00 00 00 00 00 00 00 00 00 00 00 00 00 00 00 00 00 00 00 00 00 00 00 00 00 00 
07 06 07 05 09 04 07 03 04 03 05 03 04 04 04 02 01 04 03 00 02 02 07 01 05 02 05 04 03 04 02 03 02 02 03 03 02 02 01 07 02 02 03 03 02 01 02 01 02 01 03 03 03 03 03 01 04 05 04 02 02 03 01 05 01 02 03 02 01 03 03 02 03 04 01 03 03 02 05 03 02 02 01 03 05 03 04 03 01 03 00 00 00 00 00 00 00 00 00 00 00 00 00 00 00 00 00 00 00 00 00 00 00 00 00 00 00 00 00 00 00 00 00 00 00 00 00 00 00 00 00 00 00 00 00 00 00 00 00 00 00 00 00 00 00 00 00 00 00 00 00 00 00 00 00 00 00 00 00 00 00 00 00 00 00 00 00 00 00 00 00 00 00 00 00 00 00 00 00 00 00 00 00 00 00 00 00 00 00 00 
14 13 18 18 17 14 15 18 15 15 15 16 17 15 09 17 12 07 06 05 08 13 09 04 09 19 20 15 15 15 14 16 15 11 13 03 10 05 09 04 13 13 05 09 10 06 03 02 02 04 01 01 03 02 02 03 04 02 03 03 02 03 04 02 02 02 03 02 01 04 04 05 00 02 02 02 00 01 02 04 03 03 02 03 01 02 02 00 04 02 00 00 00 00 00 00 00 00 00 00 00 00 00 00 00 00 00 00 00 00 00 00 00 00 00 00 00 00 00 00 00 00 00 00 00 00 00 00 00 00 00 00 00 00 00 00 00 00 00 00 00 00 00 00 00 00 00 00 00 00 00 00 00 00 00 00 00 00 00 00 00 00 00 00 00 00 00 00 00 00 00 00 00 00 00 00 00 00 00 00 00 00 00 00 00 00 00 00 00 00 
12 17 13 13 16 11 12 14 14 15 15 09 14 13 15 04 03 01 10 10 05 01 06 08 04 04 04 04 05 03 03 00 02 02 01 02 01 02 02 01 03 02 05 03 00 01 05 06 05 02 01 02 03 02 03 03 00 01 02 04 01 04 02 00 03 03 02 03 01 03 01 00 03 04 02 02 02 06 02 03 05 02 00 01 02 06 03 03 00 01 00 00 00 00 00 00 00 00 00 00 00 00 00 00 00 00 00 00 00 00 00 00 00 00 00 00 00 00 00 00 00 00 00 00 00 00 00 00 00 00 00 00 00 00 00 00 00 00 00 00 00 00 00 00 00 00 00 00 00 00 00 00 00 00 00 00 00 00 00 00 00 00 00 00 00 00 00 00 00 00 00 00 00 00 00 00 00 00 00 00 00 00 00 00 00 00 00 00 00 00 
13 15 14 09 13 12 08 19 16 08 05 10 08 07 09 01 03 03 04 04 05 03 02 03 02 03 04 03 04 01 01 03 01 01 03 03 01 03 03 04 03 06 01 01 04 02 03 02 02 05 03 03 00 01 04 03 02 02 02 03 02 02 02 02 03 02 05 02 03 04 03 01 02 01 03 03 02 05 01 03 04 06 02 01 03 04 03 02 02 01 00 00 00 00 00 00 00 00 00 00 00 00 00 00 00 00 00 00 00 00 00 00 00 00 00 00 00 00 00 00 00 00 00 00 00 00 00 00 00 00 00 00 00 00 00 00 00 00 00 00 00 00 00 00 00 00 00 00 00 00 00 00 00 00 00 00 00 00 00 00 00 00 00 00 00 00 00 00 00 00 00 00 00 00 00 00 00 00 00 00 00 00 00 00 00 00 00 00 00 00 
09 07 12 00 02 05 00 05 01 00 02 02 02 04 03 04 02 03 02 03 00 02 03 02 00 01 04 03 01 02 03 01 03 02 01 04 04 01 06 03 04 02 04 02 03 03 05 05 03 00 05 02 01 02 01 02 04 01 02 03 07 02 04 00 02 04 02 02 02 02 05 00 03 03 02 02 02 02 02 05 04 02 04 06 03 01 02 00 01 02 00 00 00 00 00 00 00 00 00 00 00 00 00 00 00 00 00 00 00 00 00 00 00 00 00 00 00 00 00 00 00 00 00 00 00 00 00 00 00 00 00 00 00 00 00 00 00 00 00 00 00 00 00 00 00 00 00 00 00 00 00 00 00 00 00 00 00 00 00 00 00 00 00 00 00 00 00 00 00 00 00 00 00 00 00 00 00 00 00 00 00 00 00 00 00 00 00 00 00 00 
12 08 05 01 01 05 02 00 02 04 05 04 03 01 02 01 00 04 03 02 02 03 00 05 04 00 02 02 02 02 03 02 02 01 03 04 02 03 03 05 02 02 05 02 01 01 02 03 02 01 02 01 01 02 03 06 01 02 02 02 01 03 02 03 03 02 00 03 02 02 03 02 03 02 03 01 01 01 04 03 02 01 06 04 02 01 03 06 06 03 00 00 00 00 00 00 00 00 00 00 00 00 00 00 00 00 00 00 00 00 00 00 00 00 00 00 00 00 00 00 00 00 00 00 00 00 00 00 00 00 00 00 00 00 00 00 00 00 00 00 00 00 00 00 00 00 00 00 00 00 00 00 00 00 00 00 00 00 00 00 00 00 00 00 00 00 00 00 00 00 00 00 00 00 00 00 00 00 00 00 00 00 00 00 00 00 00 00 00 00 
15 14 09 03 09 06 05 03 03 03 02 03 02 03 04 01 02 03 02 01 01 05 01 01 03 01 01 04 02 05 01 01 03 01 02 03 02 03 03 04 00 04 05 02 03 04 01 03 03 00 04 03 02 03 01 01 01 02 02 00 02 05 00 01 02 03 06 07 03 04 02 05 00 03 01 03 03 01 04 03 00 01 03 01 04 01 01 03 00 02 00 00 00 00 00 00 00 00 00 00 00 00 00 00 00 00 00 00 00 00 00 00 00 00 00 00 00 00 00 00 00 00 00 00 00 00 00 00 00 00 00 00 00 00 00 00 00 00 00 00 00 00 00 00 00 00 00 00 00 00 00 00 00 00 00 00 00 00 00 00 00 00 00 00 00 00 00 00 00 00 00 00 00 00 00 00 00 00 00 00 00 00 00 00 00 00 00 00 00 00 
06 08 04 03 03 13 03 01 03 00 00 02 07 05 02 00 02 02 02 01 02 02 02 01 03 04 01 03 02 00 01 04 02 02 01 03 02 03 05 02 02 03 02 02 03 04 04 05 04 03 02 01 03 03 05 01 00 01 04 04 01 02 02 00 03 01 03 06 03 01 01 03 02 02 04 02 05 00 03 02 01 01 01 02 01 02 01 07 03 02 00 00 00 00 00 00 00 00 00 00 00 00 00 00 00 00 00 00 00 00 00 00 00 00 00 00 00 00 00 00 00 00 00 00 00 00 00 00 00 00 00 00 00 00 00 00 00 00 00 00 00 00 00 00 00 00 00 00 00 00 00 00 00 00 00 00 00 00 00 00 00 00 00 00 00 00 00 00 00 00 00 00 00 00 00 00 00 00 00 00 00 00 00 00 00 00 00 00 00 00 
07 04 10 08 13 03 12 14 17 17 08 02 04 06 04 02 06 03 03 03 02 04 02 04 00 02 02 01 06 03 03 01 05 03 02 05 02 03 03 03 04 02 01 02 02 03 01 02 03 02 02 02 01 01 02 01 02 05 01 02 05 05 03 06 03 02 02 02 02 00 00 06 01 02 03 01 03 03 02 01 02 02 02 04 02 03 01 02 01 01 00 00 00 00 00 00 00 00 00 00 00 00 00 00 00 00 00 00 00 00 00 00 00 00 00 00 00 00 00 00 00 00 00 00 00 00 00 00 00 00 00 00 00 00 00 00 00 00 00 00 00 00 00 00 00 00 00 00 00 00 00 00 00 00 00 00 00 00 00 00 00 00 00 00 00 00 00 00 00 00 00 00 00 00 00 00 00 00 00 00 00 00 00 00 00 00 00 00 00 00 
07 05 08 09 02 01 05 03 01 05 02 01 03 00 01 00 03 00 02 03 02 03 02 03 01 01 01 01 01 03 03 04 01 01 03 04 07 06 01 01 02 02 02 02 04 02 04 01 02 00 03 02 00 01 03 01 04 04 03 03 03 01 02 02 00 03 02 00 02 03 02 01 04 01 01 01 02 04 02 03 04 03 01 02 00 01 01 02 01 01 00 00 00 00 00 00 00 00 00 00 00 00 00 00 00 00 00 00 00 00 00 00 00 00 00 00 00 00 00 00 00 00 00 00 00 00 00 00 00 00 00 00 00 00 00 00 00 00 00 00 00 00 00 00 00 00 00 00 00 00 00 00 00 00 00 00 00 00 00 00 00 00 00 00 00 00 00 00 00 00 00 00 00 00 00 00 00 00 00 00 00 00 00 00 00 00 00 00 00 00 
12 16 11 11 15 11 08 04 11 10 12 09 10 03 01 02 04 01 01 02 04 01 03 02 02 03 00 01 04 04 01 02 05 04 01 04 01 04 02 03 01 02 03 02 04 01 07 01 03 03 03 01 02 00 02 04 03 01 02 04 01 03 01 04 03 07 02 01 02 02 01 04 05 05 03 03 02 03 02 02 02 04 01 04 00 04 02 02 05 02 00 00 00 00 00 00 00 00 00 00 00 00 00 00 00 00 00 00 00 00 00 00 00 00 00 00 00 00 00 00 00 00 00 00 00 00 00 00 00 00 00 00 00 00 00 00 00 00 00 00 00 00 00 00 00 00 00 00 00 00 00 00 00 00 00 00 00 00 00 00 00 00 00 00 00 00 00 00 00 00 00 00 00 00 00 00 00 00 00 00 00 00 00 00 00 00 00 00 00 00 
11 04 07 09 12 03 03 03 02 00 04 01 01 02 04 05 03 02 02 03 01 02 00 05 06 03 03 06 03 01 00 02 01 04 03 07 02 00 04 02 03 06 04 03 02 03 01 05 01 02 03 02 02 03 02 01 02 05 01 01 01 02 00 04 04 01 01 06 01 02 00 04 03 01 04 01 02 01 02 03 01 02 03 04 02 03 02 00 03 03 00 00 00 00 00 00 00 00 00 00 00 00 00 00 00 00 00 00 00 00 00 00 00 00 00 00 00 00 00 00 00 00 00 00 00 00 00 00 00 00 00 00 00 00 00 00 00 00 00 00 00 00 00 00 00 00 00 00 00 00 00 00 00 00 00 00 00 00 00 00 00 00 00 00 00 00 00 00 00 00 00 00 00 00 00 00 00 00 00 00 00 00 00 00 00 00 00 00 00 00 
11 12 16 11 06 14 09 15 10 04 02 02 02 02 02 04 03 05 01 02 02 05 02 02 01 01 00 01 05 00 01 02 03 05 02 02 01 04 01 04 01 03 01 03 00 01 02 03 02 02 04 01 00 03 03 03 04 03 03 04 03 02 00 02 04 02 00 03 01 04 03 01 02 02 03 01 03 02 02 03 03 04 00 03 02 05 02 04 03 03 00 00 00 00 00 00 00 00 00 00 00 00 00 00 00 00 00 00 00 00 00 00 00 00 00 00 00 00 00 00 00 00 00 00 00 00 00 00 00 00 00 00 00 00 00 00 00 00 00 00 00 00 00 00 00 00 00 00 00 00 00 00 00 00 00 00 00 00 00 00 00 00 00 00 00 00 00 00 00 00 00 00 00 00 00 00 00 00 00 00 00 00 00 00 00 00 00 00 00 00 
10 06 02 04 01 06 14 14 10 03 02 02 00 04 02 02 03 01 03 03 01 01 02 03 03 03 02 03 02 02 02 01 01 06 02 03 05 02 02 05 03 01 04 03 01 01 02 02 02 02 02 03 03 03 01 02 03 04 00 02 01 04 05 01 04 03 03 05 03 03 02 02 01 04 02 01 03 03 01 02 01 03 03 03 04 05 01 04 04 05 00 00 00 00 00 00 00 00 00 00 00 00 00 00 00 00 00 00 00 00 00 00 00 00 00 00 00 00 00 00 00 00 00 00 00 00 00 00 00 00 00 00 00 00 00 00 00 00 00 00 00 00 00 00 00 00 00 00 00 00 00 00 00 00 00 00 00 00 00 00 00 00 00 00 00 00 00 00 00 00 00 00 00 00 00 00 00 00 00 00 00 00 00 00 00 00 00 00 00 00 
12 11 11 10 09 07 04 05 11 13 09 10 00 03 03 04 01 02 04 02 02 02 01 03 03 05 02 03 03 04 03 02 03 02 02 01 05 05 03 04 03 05 01 04 02 01 03 04 01 03 04 03 03 01 02 06 04 00 02 03 02 02 02 02 04 05 04 02 00 03 01 03 03 01 00 04 02 04 02 02 03 05 03 02 02 00 02 01 02 05 00 00 00 00 00 00 00 00 00 00 00 00 00 00 00 00 00 00 00 00 00 00 00 00 00 00 00 00 00 00 00 00 00 00 00 00 00 00 00 00 00 00 00 00 00 00 00 00 00 00 00 00 00 00 00 00 00 00 00 00 00 00 00 00 00 00 00 00 00 00 00 00 00 00 00 00 00 00 00 00 00 00 00 00 00 00 00 00 00 00 00 00 00 00 00 00 00 00 00 00 
15 17 15 15 14 10 09 13 14 08 05 02 01 01 05 02 07 04 04 02 01 03 01 02 02 04 02 04 03 04 03 02 02 03 02 02 00 03 01 02 05 02 02 05 01 02 04 01 03 02 03 01 01 01 03 02 03 05 03 03 02 03 03 01 01 05 01 01 03 01 04 05 01 02 02 01 03 02 01 00 02 01 02 03 01 04 04 01 02 00 00 00 00 00 00 00 00 00 00 00 00 00 00 00 00 00 00 00 00 00 00 00 00 00 00 00 00 00 00 00 00 00 00 00 00 00 00 00 00 00 00 00 00 00 00 00 00 00 00 00 00 00 00 00 00 00 00 00 00 00 00 00 00 00 00 00 00 00 00 00 00 00 00 00 00 00 00 00 00 00 00 00 00 00 00 00 00 00 00 00 00 00 00 00 00 00 00 00 00 00 
05 05 07 08 04 05 02 04 05 05 03 02 01 02 02 01 05 01 03 05 04 01 03 02 03 01 01 03 05 01 03 02 03 00 03 02 02 03 03 02 01 02 02 03 01 01 05 01 02 03 02 02 03 02 04 03 01 02 03 06 03 04 02 02 04 02 00 05 01 04 02 05 03 03 03 01 01 04 10 19 04 08 07 01 03 05 02 02 00 02 00 00 00 00 00 00 00 00 00 00 00 00 00 00 00 00 00 00 00 00 00 00 00 00 00 00 00 00 00 00 00 00 00 00 00 00 00 00 00 00 00 00 00 00 00 00 00 00 00 00 00 00 00 00 00 00 00 00 00 00 00 00 00 00 00 00 00 00 00 00 00 00 00 00 00 00 00 00 00 00 00 00 00 00 00 00 00 00 00 00 00 00 00 00 00 00 00 00 00 00 
16 16 14 05 03 18 13 12 13 08 05 12 04 00 03 04 02 01 01 02 02 03 04 00 02 02 02 01 04 00 05 03 01 01 01 03 00 04 01 04 02 02 03 02 02 03 00 04 03 03 01 03 02 02 00 03 03 02 03 02 03 04 03 06 05 04 04 03 02 04 03 03 01 03 06 04 06 01 02 04 02 05 00 02 03 02 04 01 03 02 00 00 00 00 00 00 00 00 00 00 00 00 00 00 00 00 00 00 00 00 00 00 00 00 00 00 00 00 00 00 00 00 00 00 00 00 00 00 00 00 00 00 00 00 00 00 00 00 00 00 00 00 00 00 00 00 00 00 00 00 00 00 00 00 00 00 00 00 00 00 00 00 00 00 00 00 00 00 00 00 00 00 00 00 00 00 00 00 00 00 00 00 00 00 00 00 00 00 00 00 
08 05 04 06 08 06 09 15 10 04 05 03 03 00 01 03 01 03 01 03 02 03 01 02 04 04 02 03 02 01 07 04 02 01 01 01 00 05 03 01 00 03 04 04 03 02 02 03 05 04 02 02 04 02 03 02 02 02 02 01 00 02 04 00 02 04 03 01 02 03 02 01 04 03 02 04 00 00 02 03 03 01 00 04 01 03 02 01 00 03 00 00 00 00 00 00 00 00 00 00 00 00 00 00 00 00 00 00 00 00 00 00 00 00 00 00 00 00 00 00 00 00 00 00 00 00 00 00 00 00 00 00 00 00 00 00 00 00 00 00 00 00 00 00 00 00 00 00 00 00 00 00 00 00 00 00 00 00 00 00 00 00 00 00 00 00 00 00 00 00 00 00 00 00 00 00 00 00 00 00 00 00 00 00 00 00 00 00 00 00 
03 05 13 04 06 04 04 07 01 05 05 00 05 02 04 06 03 02 05 04 02 02 02 01 04 01 02 04 03 02 06 02 04 03 02 04 01 03 01 04 01 04 04 02 03 02 03 01 02 00 02 03 03 03 04 01 05 03 04 02 01 01 02 01 03 06 01 05 05 02 03 02 05 04 02 02 02 02 00 04 04 01 02 02 03 01 01 03 02 04 00 00 00 00 00 00 00 00 00 00 00 00 00 00 00 00 00 00 00 00 00 00 00 00 00 00 00 00 00 00 00 00 00 00 00 00 00 00 00 00 00 00 00 00 00 00 00 00 00 00 00 00 00 00 00 00 00 00 00 00 00 00 00 00 00 00 00 00 00 00 00 00 00 00 00 00 00 00 00 00 00 00 00 00 00 00 00 00 00 00 00 00 00 00 00 00 00 00 00 00 
05 01 01 03 03 06 05 02 03 01 03 03 05 01 03 02 03 01 01 02 03 01 04 02 01 01 00 00 03 04 04 03 00 02 04 01 05 04 00 04 01 05 03 02 03 04 03 03 03 01 03 01 02 01 02 01 02 04 03 02 03 02 02 01 04 02 03 00 05 03 01 04 01 04 02 02 03 04 04 04 01 04 02 02 05 02 04 05 03 05 00 00 00 00 00 00 00 00 00 00 00 00 00 00 00 00 00 00 00 00 00 00 00 00 00 00 00 00 00 00 00 00 00 00 00 00 00 00 00 00 00 00 00 00 00 00 00 00 00 00 00 00 00 00 00 00 00 00 00 00 00 00 00 00 00 00 00 00 00 00 00 00 00 00 00 00 00 00 00 00 00 00 00 00 00 00 00 00 00 00 00 00 00 00 00 00 00 00 00 00 
15 18 12 12 13 19 19 17 18 14 17 12 09 14 17 17 17 10 13 12 13 14 08 02 04 03 03 04 04 01 00 05 02 01 03 01 04 01 02 03 02 01 02 01 03 00 00 02 02 00 02 04 05 03 03 04 00 00 01 02 01 00 00 02 02 02 03 03 04 00 04 03 02 03 04 00 02 03 01 03 03 01 03 02 01 01 04 01 02 01 00 00 00 00 00 00 00 00 00 00 00 00 00 00 00 00 00 00 00 00 00 00 00 00 00 00 00 00 00 00 00 00 00 00 00 00 00 00 00 00 00 00 00 00 00 00 00 00 00 00 00 00 00 00 00 00 00 00 00 00 00 00 00 00 00 00 00 00 00 00 00 00 00 00 00 00 00 00 00 00 00 00 00 00 00 00 00 00 00 00 00 00 00 00 00 00 00 00 00 00 
06 01 04 04 12 16 17 17 13 06 06 03 07 14 09 01 02 02 07 02 02 02 01 02 02 02 02 01 01 02 02 06 03 00 02 02 03 03 04 06 01 02 04 02 03 02 01 04 04 01 06 02 00 00 02 03 01 02 04 02 01 04 01 03 03 03 04 02 02 01 03 04 02 05 01 02 02 04 03 02 04 03 04 04 03 02 01 02 05 06 00 00 00 00 00 00 00 00 00 00 00 00 00 00 00 00 00 00 00 00 00 00 00 00 00 00 00 00 00 00 00 00 00 00 00 00 00 00 00 00 00 00 00 00 00 00 00 00 00 00 00 00 00 00 00 00 00 00 00 00 00 00 00 00 00 00 00 00 00 00 00 00 00 00 00 00 00 00 00 00 00 00 00 00 00 00 00 00 00 00 00 00 00 00 00 00 00 00 00 00 
06 05 08 03 03 04 05 02 02 04 00 01 04 02 02 04 02 03 06 02 03 03 03 04 00 00 02 03 02 03 04 02 04 04 02 02 02 03 03 04 03 02 02 02 02 02 04 02 04 03 03 03 02 03 01 04 04 02 04 03 05 03 02 00 06 01 02 04 03 03 02 01 01 00 03 04 04 02 03 01 04 04 02 00 04 04 02 02 00 03 00 00 00 00 00 00 00 00 00 00 00 00 00 00 00 00 00 00 00 00 00 00 00 00 00 00 00 00 00 00 00 00 00 00 00 00 00 00 00 00 00 00 00 00 00 00 00 00 00 00 00 00 00 00 00 00 00 00 00 00 00 00 00 00 00 00 00 00 00 00 00 00 00 00 00 00 00 00 00 00 00 00 00 00 00 00 00 00 00 00 00 00 00 00 00 00 00 00 00 00 
12 05 08 09 04 09 03 07 13 03 03 03 03 03 01 05 04 02 03 03 03 05 05 02 03 03 03 01 03 00 06 00 02 03 04 04 02 02 02 03 02 01 02 04 03 04 03 01 02 05 04 02 03 01 03 01 05 02 04 03 01 02 01 02 01 03 02 05 05 02 01 05 00 03 03 01 03 03 02 01 02 02 02 04 03 04 02 03 02 03 00 00 00 00 00 00 00 00 00 00 00 00 00 00 00 00 00 00 00 00 00 00 00 00 00 00 00 00 00 00 00 00 00 00 00 00 00 00 00 00 00 00 00 00 00 00 00 00 00 00 00 00 00 00 00 00 00 00 00 00 00 00 00 00 00 00 00 00 00 00 00 00 00 00 00 00 00 00 00 00 00 00 00 00 00 00 00 00 00 00 00 00 00 00 00 00 00 00 00 00 
12 14 11 06 13 08 07 04 03 04 10 10 13 18 17 06 08 05 02 07 04 05 05 03 03 01 05 03 04 02 00 01 00 02 02 03 02 02 02 04 01 02 02 02 03 04 02 03 02 01 03 04 03 01 03 00 03 04 01 02 02 00 04 03 02 00 03 04 05 04 02 02 01 04 05 02 04 03 02 03 02 02 04 00 04 01 02 04 01 02 00 00 00 00 00 00 00 00 00 00 00 00 00 00 00 00 00 00 00 00 00 00 00 00 00 00 00 00 00 00 00 00 00 00 00 00 00 00 00 00 00 00 00 00 00 00 00 00 00 00 00 00 00 00 00 00 00 00 00 00 00 00 00 00 00 00 00 00 00 00 00 00 00 00 00 00 00 00 00 00 00 00 00 00 00 00 00 00 00 00 00 00 00 00 00 00 00 00 00 00 
11 13 02 07 03 00 05 10 02 01 03 02 04 01 02 00 00 03 02 04 05 02 04 02 04 03 01 01 02 02 04 03 02 01 00 00 01 02 00 03 02 00 02 00 04 01 02 06 03 03 03 03 03 03 03 05 03 01 02 03 03 03 01 04 04 02 00 02 03 03 03 05 02 00 04 04 01 02 01 01 00 03 02 02 02 01 02 03 04 03 00 00 00 00 00 00 00 00 00 00 00 00 00 00 00 00 00 00 00 00 00 00 00 00 00 00 00 00 00 00 00 00 00 00 00 00 00 00 00 00 00 00 00 00 00 00 00 00 00 00 00 00 00 00 00 00 00 00 00 00 00 00 00 00 00 00 00 00 00 00 00 00 00 00 00 00 00 00 00 00 00 00 00 00 00 00 00 00 00 00 00 00 00 00 00 00 00 00 00 00 
07 06 03 01 03 01 02 02 02 02 04 02 02 05 03 02 02 02 04 00 03 00 02 04 00 00 00 03 03 02 02 03 00 04 01 03 01 03 05 07 04 04 02 03 01 04 00 02 00 02 03 01 01 03 02 03 02 02 02 03 03 02 02 00 06 03 02 05 06 02 04 03 04 04 01 02 03 04 00 02 02 02 02 04 02 03 03 06 04 00 00 00 00 00 00 00 00 00 00 00 00 00 00 00 00 00 00 00 00 00 00 00 00 00 00 00 00 00 00 00 00 00 00 00 00 00 00 00 00 00 00 00 00 00 00 00 00 00 00 00 00 00 00 00 00 00 00 00 00 00 00 00 00 00 00 00 00 00 00 00 00 00 00 00 00 00 00 00 00 00 00 00 00 00 00 00 00 00 00 00 00 00 00 00 00 00 00 00 00 00 
10 04 03 07 01 05 03 02 00 04 05 02 03 02 04 03 01 03 04 02 02 01 02 01 02 01 04 01 02 03 02 03 02 02 01 02 01 05 03 03 03 01 04 02 03 03 03 00 01 02 03 02 02 03 00 05 03 03 03 03 02 02 02 00 01 01 01 02 01 02 01 02 02 05 03 03 04 04 03 02 04 03 05 02 02 02 05 02 01 03 00 00 00 00 00 00 00 00 00 00 00 00 00 00 00 00 00 00 00 00 00 00 00 00 00 00 00 00 00 00 00 00 00 00 00 00 00 00 00 00 00 00 00 00 00 00 00 00 00 00 00 00 00 00 00 00 00 00 00 00 00 00 00 00 00 00 00 00 00 00 00 00 00 00 00 00 00 00 00 00 00 00 00 00 00 00 00 00 00 00 00 00 00 00 00 00 00 00 00 00 
03 04 11 02 08 09 08 05 06 02 01 04 00 04 01 02 01 02 03 05 05 02 02 03 02 01 01 02 02 02 02 03 02 02 03 01 05 01 04 03 06 02 01 01 02 02 04 02 04 01 02 01 01 04 03 02 03 01 00 03 02 01 02 03 03 01 00 02 02 03 03 01 00 01 03 04 02 04 01 02 02 00 03 02 02 01 01 03 02 04 00 00 00 00 00 00 00 00 00 00 00 00 00 00 00 00 00 00 00 00 00 00 00 00 00 00 00 00 00 00 00 00 00 00 00 00 00 00 00 00 00 00 00 00 00 00 00 00 00 00 00 00 00 00 00 00 00 00 00 00 00 00 00 00 00 00 00 00 00 00 00 00 00 00 00 00 00 00 00 00 00 00 00 00 00 00 00 00 00 00 00 00 00 00 00 00 00 00 00 00 
08 10 04 07 05 03 07 07 04 00 05 02 04 02 04 01 03 03 03 01 02 01 02 03 03 02 01 03 02 03 04 03 03 04 03 02 01 04 03 00 01 01 02 04 02 01 05 03 04 02 02 03 04 00 01 05 02 00 00 03 03 02 03 03 06 01 03 02 02 07 00 05 03 04 05 04 02 05 01 03 02 01 01 03 03 01 03 02 01 04 00 00 00 00 00 00 00 00 00 00 00 00 00 00 00 00 00 00 00 00 00 00 00 00 00 00 00 00 00 00 00 00 00 00 00 00 00 00 00 00 00 00 00 00 00 00 00 00 00 00 00 00 00 00 00 00 00 00 00 00 00 00 00 00 00 00 00 00 00 00 00 00 00 00 00 00 00 00 00 00 00 00 00 00 00 00 00 00 00 00 00 00 00 00 00 00 00 00 00 00 
08 04 04 05 01 01 02 03 05 03 02 03 02 03 01 00 02 01 01 01 03 03 05 02 01 02 03 00 03 03 02 03 01 02 02 00 01 00 05 01 03 05 02 03 05 03 02 03 05 05 02 04 03 00 01 04 03 03 04 02 01 03 01 03 04 02 02 03 02 06 00 02 04 02 00 01 03 04 05 05 02 01 02 02 03 01 01 02 02 01 00 00 00 00 00 00 00 00 00 00 00 00 00 00 00 00 00 00 00 00 00 00 00 00 00 00 00 00 00 00 00 00 00 00 00 00 00 00 00 00 00 00 00 00 00 00 00 00 00 00 00 00 00 00 00 00 00 00 00 00 00 00 00 00 00 00 00 00 00 00 00 00 00 00 00 00 00 00 00 00 00 00 00 00 00 00 00 00 00 00 00 00 00 00 00 00 00 00 00 00 
12 15 17 09 12 09 08 08 07 00 04 05 06 02 02 03 03 01 03 00 02 03 01 06 02 03 01 02 05 04 03 02 01 03 02 05 02 03 01 01 02 01 04 03 05 05 03 01 04 03 03 01 04 04 02 02 04 02 02 02 03 03 01 02 00 05 01 00 02 02 07 04 02 02 02 05 01 01 04 01 01 02 02 02 00 04 01 01 05 03 00 00 00 00 00 00 00 00 00 00 00 00 00 00 00 00 00 00 00 00 00 00 00 00 00 00 00 00 00 00 00 00 00 00 00 00 00 00 00 00 00 00 00 00 00 00 00 00 00 00 00 00 00 00 00 00 00 00 00 00 00 00 00 00 00 00 00 00 00 00 00 00 00 00 00 00 00 00 00 00 00 00 00 00 00 00 00 00 00 00 00 00 00 00 00 00 00 00 00 00 
12 16 10 12 13 07 15 14 15 07 02 02 07 08 11 05 08 07 04 01 02 04 02 03 04 05 04 04 03 01 03 02 03 02 02 07 02 01 05 02 03 02 04 02 05 03 02 00 02 02 02 04 03 03 04 03 01 03 03 01 04 02 03 03 02 01 02 02 02 06 01 01 03 02 01 05 03 00 02 03 03 05 05 02 03 04 03 01 03 02 00 00 00 00 00 00 00 00 00 00 00 00 00 00 00 00 00 00 00 00 00 00 00 00 00 00 00 00 00 00 00 00 00 00 00 00 00 00 00 00 00 00 00 00 00 00 00 00 00 00 00 00 00 00 00 00 00 00 00 00 00 00 00 00 00 00 00 00 00 00 00 00 00 00 00 00 00 00 00 00 00 00 00 00 00 00 00 00 00 00 00 00 00 00 00 00 00 00 00 00 
09 04 05 09 10 02 02 01 02 10 15 10 08 05 02 03 04 01 02 02 03 04 01 04 06 05 03 03 02 05 01 03 03 01 00 04 01 06 01 04 02 03 01 01 03 03 03 01 03 03 05 03 01 02 06 06 02 02 02 02 04 01 01 00 00 00 01 01 01 01 03 02 02 02 02 00 02 06 01 04 05 04 05 03 04 01 04 04 01 04 00 00 00 00 00 00 00 00 00 00 00 00 00 00 00 00 00 00 00 00 00 00 00 00 00 00 00 00 00 00 00 00 00 00 00 00 00 00 00 00 00 00 00 00 00 00 00 00 00 00 00 00 00 00 00 00 00 00 00 00 00 00 00 00 00 00 00 00 00 00 00 00 00 00 00 00 00 00 00 00 00 00 00 00 00 00 00 00 00 00 00 00 00 00 00 00 00 00 00 00 
10 11 08 09 03 01 08 11 11 06 04 05 03 04 10 11 08 03 02 02 02 04 01 02 02 01 04 02 02 04 02 02 03 01 01 03 03 01 01 02 03 03 02 03 02 03 01 03 03 04 03 02 03 02 00 04 02 03 01 04 04 01 02 01 02 03 03 01 03 02 01 02 02 02 02 03 02 02 06 05 04 02 02 03 05 04 03 05 07 01 01 00 00 00 00 00 00 00 00 00 00 00 00 00 00 00 00 00 00 00 00 00 00 00 00 00 00 00 00 00 00 00 00 00 00 00 00 00 00 00 00 00 00 00 00 00 00 00 00 00 00 00 00 00 00 00 00 00 00 00 00 00 00 00 00 00 00 00 00 00 00 00 00 00 00 00 00 00 00 00 00 00 00 00 00 00 00 00 00 00 00 00 00 00 00 00 00 00 00 00 
11 13 14 17 18 17 13 13 07 08 08 11 05 05 07 04 09 10 08 01 03 07 05 04 06 03 03 04 02 05 01 04 03 03 04 02 04 03 02 04 03 03 03 03 00 05 02 01 02 04 02 04 03 04 00 01 03 03 02 02 02 03 02 01 02 01 05 00 04 00 00 05 04 03 03 02 03 02 01 03 01 03 04 04 06 05 00 03 01 03 00 00 00 00 00 00 00 00 00 00 00 00 00 00 00 00 00 00 00 00 00 00 00 00 00 00 00 00 00 00 00 00 00 00 00 00 00 00 00 00 00 00 00 00 00 00 00 00 00 00 00 00 00 00 00 00 00 00 00 00 00 00 00 00 00 00 00 00 00 00 00 00 00 00 00 00 00 00 00 00 00 00 00 00 00 00 00 00 00 00 00 00 00 00 00 00 00 00 00 00 
08 04 05 05 02 02 07 03 02 04 02 04 01 01 02 02 02 02 03 01 04 02 05 04 04 03 00 05 05 03 00 02 02 04 03 03 03 01 04 01 00 01 04 06 01 02 02 03 03 02 04 03 04 02 03 02 01 05 02 03 03 02 06 02 02 04 02 02 03 01 01 04 03 03 03 02 04 02 03 04 01 03 04 04 03 03 03 02 02 02 00 00 00 00 00 00 00 00 00 00 00 00 00 00 00 00 00 00 00 00 00 00 00 00 00 00 00 00 00 00 00 00 00 00 00 00 00 00 00 00 00 00 00 00 00 00 00 00 00 00 00 00 00 00 00 00 00 00 00 00 00 00 00 00 00 00 00 00 00 00 00 00 00 00 00 00 00 00 00 00 00 00 00 00 00 00 00 00 00 00 00 00 00 00 00 00 00 00 00 00 
13 12 09 12 01 02 08 06 04 05 04 06 07 03 05 06 01 02 03 03 01 03 04 02 02 00 04 03 02 07 00 03 05 03 02 02 03 04 03 02 04 04 03 01 04 03 02 03 02 02 02 04 03 07 02 04 02 03 02 04 01 02 02 02 02 03 03 01 01 03 03 03 04 02 03 00 01 01 02 02 02 05 04 04 02 04 04 02 04 04 00 00 00 00 00 00 00 00 00 00 00 00 00 00 00 00 00 00 00 00 00 00 00 00 00 00 00 00 00 00 00 00 00 00 00 00 00 00 00 00 00 00 00 00 00 00 00 00 00 00 00 00 00 00 00 00 00 00 00 00 00 00 00 00 00 00 00 00 00 00 00 00 00 00 00 00 00 00 00 00 00 00 00 00 00 00 00 00 00 00 00 00 00 00 00 00 00 00 00 00 
12 12 08 12 12 14 15 17 15 16 16 15 11 13 12 10 06 09 00 07 02 06 04 04 03 05 06 03 05 07 03 05 03 01 04 01 02 02 01 01 06 04 02 03 04 02 01 05 03 01 03 03 03 03 01 02 02 02 02 02 01 02 02 04 04 02 01 01 01 05 02 01 01 02 03 03 03 02 01 01 02 03 07 01 02 03 03 03 01 01 00 00 00 00 00 00 00 00 00 00 00 00 00 00 00 00 00 00 00 00 00 00 00 00 00 00 00 00 00 00 00 00 00 00 00 00 00 00 00 00 00 00 00 00 00 00 00 00 00 00 00 00 00 00 00 00 00 00 00 00 00 00 00 00 00 00 00 00 00 00 00 00 00 00 00 00 00 00 00 00 00 00 00 00 00 00 00 00 00 00 00 00 00 00 00 00 00 00 00 00 
09 05 14 06 04 02 07 06 07 05 05 03 01 02 01 05 02 02 01 04 01 04 03 02 03 03 02 02 04 01 02 02 02 04 01 02 02 02 03 03 04 02 04 03 04 01 03 02 01 00 03 03 02 02 01 03 02 03 03 03 03 03 01 03 01 04 03 02 03 05 03 03 05 04 02 01 04 03 02 03 02 02 01 03 04 01 02 05 03 02 00 00 00 00 00 00 00 00 00 00 00 00 00 00 00 00 00 00 00 00 00 00 00 00 00 00 00 00 00 00 00 00 00 00 00 00 00 00 00 00 00 00 00 00 00 00 00 00 00 00 00 00 00 00 00 00 00 00 00 00 00 00 00 00 00 00 00 00 00 00 00 00 00 00 00 00 00 00 00 00 00 00 00 00 00 00 00 00 00 00 00 00 00 00 00 00 00 00 00 00 
10 11 11 10 09 10 12 08 16 15 18 13 14 15 05 08 01 05 04 04 09 09 11 08 05 02 05 03 02 02 01 00 02 00 04 03 00 02 02 01 03 01 01 03 02 01 02 02 04 01 03 00 02 03 04 03 02 00 00 02 00 05 04 03 04 03 03 03 02 03 05 05 02 00 02 01 06 01 04 03 03 05 03 01 01 01 02 00 02 05 00 00 00 00 00 00 00 00 00 00 00 00 00 00 00 00 00 00 00 00 00 00 00 00 00 00 00 00 00 00 00 00 00 00 00 00 00 00 00 00 00 00 00 00 00 00 00 00 00 00 00 00 00 00 00 00 00 00 00 00 00 00 00 00 00 00 00 00 00 00 00 00 00 00 00 00 00 00 00 00 00 00 00 00 00 00 00 00 00 00 00 00 00 00 00 00 00 00 00 00 
12 12 01 02 08 06 10 14 14 12 15 11 12 05 11 07 01 03 05 06 06 02 01 03 02 04 01 03 03 02 02 02 05 02 02 02 03 02 00 01 03 02 02 04 02 03 05 02 03 04 01 07 03 01 03 04 01 02 02 04 02 01 04 01 03 02 02 03 01 03 02 03 03 04 05 02 02 03 02 01 01 03 04 02 05 03 01 00 00 04 00 00 00 00 00 00 00 00 00 00 00 00 00 00 00 00 00 00 00 00 00 00 00 00 00 00 00 00 00 00 00 00 00 00 00 00 00 00 00 00 00 00 00 00 00 00 00 00 00 00 00 00 00 00 00 00 00 00 00 00 00 00 00 00 00 00 00 00 00 00 00 00 00 00 00 00 00 00 00 00 00 00 00 00 00 00 00 00 00 00 00 00 00 00 00 00 00 00 00 00 
13 14 10 13 08 10 11 09 06 06 07 06 07 05 05 11 11 09 11 06 15 13 05 05 03 04 03 05 04 03 00 03 04 03 02 01 03 02 01 00 01 02 01 02 02 01 02 03 01 04 03 01 02 04 00 04 04 03 05 05 05 05 10 09 07 11 09 08 06 12 09 10 09 04 02 02 02 02 03 04 02 02 00 02 02 03 02 03 04 04 00 00 00 00 00 00 00 00 00 00 00 00 00 00 00 00 00 00 00 00 00 00 00 00 00 00 00 00 00 00 00 00 00 00 00 00 00 00 00 00 00 00 00 00 00 00 00 00 00 00 00 00 00 00 00 00 00 00 00 00 00 00 00 00 00 00 00 00 00 00 00 00 00 00 00 00 00 00 00 00 00 00 00 00 00 00 00 00 00 00 00 00 00 00 00 00 00 00 00 00 
07 03 17 08 11 12 06 01 00 01 01 04 01 01 03 05 03 04 05 00 05 03 03 02 01 02 02 02 02 01 04 02 02 06 00 04 03 02 02 02 04 00 01 03 01 02 01 04 01 01 03 02 02 04 02 01 02 03 02 02 03 02 01 04 03 02 00 03 02 03 02 03 00 02 03 05 03 02 03 03 02 04 03 04 03 03 01 04 02 03 01 00 00 00 00 00 00 00 00 00 00 00 00 00 00 00 00 00 00 00 00 00 00 00 00 00 00 00 00 00 00 00 00 00 00 00 00 00 00 00 00 00 00 00 00 00 00 00 00 00 00 00 00 00 00 00 00 00 00 00 00 00 00 00 00 00 00 00 00 00 00 00 00 00 00 00 00 00 00 00 00 00 00 00 00 00 00 00 00 00 00 00 00 00 00 00 00 00 00 00 
12 13 12 07 05 07 06 04 07 02 01 03 05 03 01 03 03 03 01 04 00 05 03 03 02 01 02 03 05 02 05 01 02 02 03 03 02 02 02 01 01 01 01 01 03 03 04 03 01 02 02 01 01 03 01 03 02 01 02 02 03 02 02 01 02 04 03 03 02 07 04 02 03 04 04 01 06 03 03 02 03 04 04 03 03 01 01 01 03 04 00 00 00 00 00 00 00 00 00 00 00 00 00 00 00 00 00 00 00 00 00 00 00 00 00 00 00 00 00 00 00 00 00 00 00 00 00 00 00 00 00 00 00 00 00 00 00 00 00 00 00 00 00 00 00 00 00 00 00 00 00 00 00 00 00 00 00 00 00 00 00 00 00 00 00 00 00 00 00 00 00 00 00 00 00 00 00 00 00 00 00 00 00 00 00 00 00 00 00 00 
14 14 11 09 15 11 13 04 08 06 04 02 05 03 01 02 09 09 03 01 01 01 03 04 03 01 01 06 01 04 00 02 01 03 02 01 02 03 03 03 03 02 01 02 03 01 04 02 03 02 03 04 01 03 00 02 04 01 02 02 00 04 01 03 06 02 00 00 03 03 02 04 02 02 04 00 03 04 00 01 01 08 02 01 03 02 05 04 02 00 00 00 00 00 00 00 00 00 00 00 00 00 00 00 00 00 00 00 00 00 00 00 00 00 00 00 00 00 00 00 00 00 00 00 00 00 00 00 00 00 00 00 00 00 00 00 00 00 00 00 00 00 00 00 00 00 00 00 00 00 00 00 00 00 00 00 00 00 00 00 00 00 00 00 00 00 00 00 00 00 00 00 00 00 00 00 00 00 00 00 00 00 00 00 00 00 00 00 00 00 
08 08 13 05 02 03 08 10 11 08 07 07 02 12 02 01 03 01 01 02 03 02 01 04 02 00 03 01 04 02 05 02 01 03 04 03 03 02 02 04 05 05 02 06 05 02 03 02 01 01 02 01 04 03 00 01 03 04 02 05 03 01 02 05 02 03 03 04 03 02 02 06 01 05 02 02 01 02 01 01 04 03 02 01 03 02 02 01 01 02 00 00 00 00 00 00 00 00 00 00 00 00 00 00 00 00 00 00 00 00 00 00 00 00 00 00 00 00 00 00 00 00 00 00 00 00 00 00 00 00 00 00 00 00 00 00 00 00 00 00 00 00 00 00 00 00 00 00 00 00 00 00 00 00 00 00 00 00 00 00 00 00 00 00 00 00 00 00 00 00 00 00 00 00 00 00 00 00 00 00 00 00 00 00 00 00 00 00 00 00 
04 08 05 06 02 03 08 10 04 05 04 04 05 05 00 01 04 02 04 02 02 01 01 03 02 03 02 03 04 02 01 00 02 01 03 04 03 01 02 01 02 01 04 01 02 02 01 03 03 04 04 01 02 01 03 01 00 05 03 03 01 02 03 03 02 04 04 00 03 04 03 01 02 02 04 01 03 03 03 01 01 01 02 02 05 02 02 02 04 05 00 00 00 00 00 00 00 00 00 00 00 00 00 00 00 00 00 00 00 00 00 00 00 00 00 00 00 00 00 00 00 00 00 00 00 00 00 00 00 00 00 00 00 00 00 00 00 00 00 00 00 00 00 00 00 00 00 00 00 00 00 00 00 00 00 00 00 00 00 00 00 00 00 00 00 00 00 00 00 00 00 00 00 00 00 00 00 00 00 00 00 00 00 00 00 00 00 00 00 00 
11 07 07 03 01 05 05 03 05 05 05 03 03 02 03 02 02 01 02 06 05 02 04 04 03 01 04 02 02 02 05 01 02 05 02 03 02 03 00 03 02 01 03 03 03 02 01 05 01 02 05 00 01 04 04 02 01 03 02 03 03 04 00 02 00 04 02 01 01 01 01 04 01 02 01 00 02 03 03 01 03 03 02 02 02 05 02 02 02 02 00 00 00 00 00 00 00 00 00 00 00 00 00 00 00 00 00 00 00 00 00 00 00 00 00 00 00 00 00 00 00 00 00 00 00 00 00 00 00 00 00 00 00 00 00 00 00 00 00 00 00 00 00 00 00 00 00 00 00 00 00 00 00 00 00 00 00 00 00 00 00 00 00 00 00 00 00 00 00 00 00 00 00 00 00 00 00 00 00 00 00 00 00 00 00 00 00 00 00 00 
14 13 10 07 02 03 03 04 06 03 04 02 03 03 03 01 01 03 04 05 04 05 02 00 02 03 01 03 00 04 03 02 02 03 04 01 03 02 02 02 02 04 03 04 06 02 03 02 04 03 02 01 03 03 03 03 04 03 06 02 01 03 00 02 04 02 03 02 04 03 02 03 04 06 01 05 02 01 03 04 03 01 03 01 00 04 03 03 07 04 00 00 00 00 00 00 00 00 00 00 00 00 00 00 00 00 00 00 00 00 00 00 00 00 00 00 00 00 00 00 00 00 00 00 00 00 00 00 00 00 00 00 00 00 00 00 00 00 00 00 00 00 00 00 00 00 00 00 00 00 00 00 00 00 00 00 00 00 00 00 00 00 00 00 00 00 00 00 00 00 00 00 00 00 00 00 00 00 00 00 00 00 00 00 00 00 00 00 00 00 
08 02 03 06 07 03 02 01 02 05 02 03 03 03 00 04 03 04 02 02 02 02 03 04 02 02 01 01 03 00 01 02 00 03 04 03 02 02 00 03 03 02 02 01 06 01 03 02 02 01 03 05 03 02 02 01 03 03 02 03 02 02 03 02 02 00 01 02 02 01 06 02 04 02 03 02 06 00 01 04 02 02 04 03 03 01 02 04 03 04 00 00 00 00 00 00 00 00 00 00 00 00 00 00 00 00 00 00 00 00 00 00 00 00 00 00 00 00 00 00 00 00 00 00 00 00 00 00 00 00 00 00 00 00 00 00 00 00 00 00 00 00 00 00 00 00 00 00 00 00 00 00 00 00 00 00 00 00 00 00 00 00 00 00 00 00 00 00 00 00 00 00 00 00 00 00 00 00 00 00 00 00 00 00 00 00 00 00 00 00 
08 11 08 17 10 13 14 12 10 09 11 07 08 11 07 04 08 09 07 06 04 03 08 13 11 02 08 09 09 05 12 04 02 02 10 03 05 04 04 01 03 02 01 00 03 01 02 02 02 04 02 01 03 03 04 02 01 02 03 02 05 03 03 01 02 03 01 01 04 01 04 04 02 04 01 01 04 05 01 05 06 03 01 02 02 05 05 03 02 03 00 00 00 00 00 00 00 00 00 00 00 00 00 00 00 00 00 00 00 00 00 00 00 00 00 00 00 00 00 00 00 00 00 00 00 00 00 00 00 00 00 00 00 00 00 00 00 00 00 00 00 00 00 00 00 00 00 00 00 00 00 00 00 00 00 00 00 00 00 00 00 00 00 00 00 00 00 00 00 00 00 00 00 00 00 00 00 00 00 00 00 00 00 00 00 00 00 00 00 00 
09 05 04 07 10 08 10 06 04 01 02 03 03 04 01 02 04 02 02 03 03 05 03 05 01 02 01 03 05 01 03 01 03 02 03 05 05 03 02 02 03 03 02 04 04 06 02 05 02 01 01 02 00 02 03 01 04 03 02 04 01 02 01 00 01 04 02 02 02 03 01 06 02 05 01 04 02 02 02 04 04 03 04 03 02 01 06 02 02 03 00 00 00 00 00 00 00 00 00 00 00 00 00 00 00 00 00 00 00 00 00 00 00 00 00 00 00 00 00 00 00 00 00 00 00 00 00 00 00 00 00 00 00 00 00 00 00 00 00 00 00 00 00 00 00 00 00 00 00 00 00 00 00 00 00 00 00 00 00 00 00 00 00 00 00 00 00 00 00 00 00 00 00 00 00 00 00 00 00 00 00 00 00 00 00 00 00 00 00 00 
16 11 13 10 10 07 04 01 04 06 07 08 06 13 03 05 13 10 03 04 01 02 05 05 01 02 02 05 03 01 01 00 02 01 02 03 02 00 07 07 00 03 03 03 01 02 01 01 00 01 03 03 02 03 01 02 03 01 01 02 05 01 03 01 02 04 03 03 03 05 03 03 02 05 03 00 06 03 04 03 00 01 05 03 03 03 01 01 02 05 00 00 00 00 00 00 00 00 00 00 00 00 00 00 00 00 00 00 00 00 00 00 00 00 00 00 00 00 00 00 00 00 00 00 00 00 00 00 00 00 00 00 00 00 00 00 00 00 00 00 00 00 00 00 00 00 00 00 00 00 00 00 00 00 00 00 00 00 00 00 00 00 00 00 00 00 00 00 00 00 00 00 00 00 00 00 00 00 00 00 00 00 00 00 00 00 00 00 00 00 
11 16 11 10 13 15 07 04 08 07 03 07 10 10 12 07 09 03 04 03 04 07 03 02 01 04 03 01 01 03 02 02 01 03 05 02 01 03 04 02 02 02 04 02 04 01 02 01 03 06 03 06 04 02 02 02 03 02 01 01 03 02 02 03 03 00 02 00 02 02 02 02 01 04 03 03 02 03 03 04 02 03 00 02 03 04 02 03 01 02 00 00 00 00 00 00 00 00 00 00 00 00 00 00 00 00 00 00 00 00 00 00 00 00 00 00 00 00 00 00 00 00 00 00 00 00 00 00 00 00 00 00 00 00 00 00 00 00 00 00 00 00 00 00 00 00 00 00 00 00 00 00 00 00 00 00 00 00 00 00 00 00 00 00 00 00 00 00 00 00 00 00 00 00 00 00 00 00 00 00 00 00 00 00 00 00 00 00 00 00 
12 14 03 02 01 01 05 05 04 03 06 03 03 02 03 04 01 02 01 05 03 01 02 03 04 02 03 01 00 02 02 03 02 04 01 02 01 03 06 02 02 02 03 01 00 01 03 03 03 01 03 03 03 01 02 05 04 03 04 05 04 01 01 03 05 01 03 01 05 04 03 03 03 00 00 03 04 05 02 02 04 04 03 02 02 00 03 03 04 02 00 00 00 00 00 00 00 00 00 00 00 00 00 00 00 00 00 00 00 00 00 00 00 00 00 00 00 00 00 00 00 00 00 00 00 00 00 00 00 00 00 00 00 00 00 00 00 00 00 00 00 00 00 00 00 00 00 00 00 00 00 00 00 00 00 00 00 00 00 00 00 00 00 00 00 00 00 00 00 00 00 00 00 00 00 00 00 00 00 00 00 00 00 00 00 00 00 00 00 00 
12 03 06 01 00 05 02 05 04 04 02 04 03 04 02 03 05 03 04 03 02 02 02 04 06 04 04 02 03 01 03 04 03 03 05 04 03 01 06 04 01 03 01 02 04 00 03 01 01 01 04 04 02 04 03 02 03 01 00 01 08 02 02 01 03 00 03 04 00 01 03 01 02 02 02 01 01 05 03 03 04 02 02 04 04 04 01 03 00 04 00 00 00 00 00 00 00 00 00 00 00 00 00 00 00 00 00 00 00 00 00 00 00 00 00 00 00 00 00 00 00 00 00 00 00 00 00 00 00 00 00 00 00 00 00 00 00 00 00 00 00 00 00 00 00 00 00 00 00 00 00 00 00 00 00 00 00 00 00 00 00 00 00 00 00 00 00 00 00 00 00 00 00 00 00 00 00 00 00 00 00 00 00 00 00 00 00 00 00 00 
08 14 16 17 05 03 04 04 01 02 05 05 01 03 08 08 03 04 02 03 00 02 02 01 01 03 03 03 01 00 04 00 03 03 03 01 03 03 05 02 04 04 06 03 03 01 04 04 02 03 03 02 05 02 02 02 05 02 02 02 04 04 04 01 02 02 01 04 02 01 01 05 03 02 03 02 02 04 02 04 05 02 04 03 03 01 05 00 04 00 00 00 00 00 00 00 00 00 00 00 00 00 00 00 00 00 00 00 00 00 00 00 00 00 00 00 00 00 00 00 00 00 00 00 00 00 00 00 00 00 00 00 00 00 00 00 00 00 00 00 00 00 00 00 00 00 00 00 00 00 00 00 00 00 00 00 00 00 00 00 00 00 00 00 00 00 00 00 00 00 00 00 00 00 00 00 00 00 00 00 00 00 00 00 00 00 00 00 00 00 
08 06 10 10 17 19 19 13 10 14 12 14 16 08 09 07 05 02 02 02 01 03 02 04 03 03 01 02 04 02 03 00 02 02 03 02 00 02 01 04 03 00 03 03 01 03 03 04 02 03 02 01 03 02 04 04 03 02 02 06 04 02 02 03 02 03 01 02 03 02 03 01 01 01 00 03 03 01 01 03 02 02 00 04 03 02 02 02 02 05 00 00 00 00 00 00 00 00 00 00 00 00 00 00 00 00 00 00 00 00 00 00 00 00 00 00 00 00 00 00 00 00 00 00 00 00 00 00 00 00 00 00 00 00 00 00 00 00 00 00 00 00 00 00 00 00 00 00 00 00 00 00 00 00 00 00 00 00 00 00 00 00 00 00 00 00 00 00 00 00 00 00 00 00 00 00 00 00 00 00 00 00 00 00 00 00 00 00 00 00 
09 07 01 05 09 08 09 09 03 03 03 06 03 03 04 03 04 02 01 03 06 02 02 01 01 01 05 03 01 03 04 03 04 00 02 01 03 03 02 04 05 02 03 03 03 01 05 01 03 03 02 01 02 01 03 00 03 01 01 05 04 03 03 05 03 00 01 03 06 03 05 04 02 04 05 03 04 03 00 02 02 00 06 06 02 05 03 05 02 03 00 00 00 00 00 00 00 00 00 00 00 00 00 00 00 00 00 00 00 00 00 00 00 00 00 00 00 00 00 00 00 00 00 00 00 00 00 00 00 00 00 00 00 00 00 00 00 00 00 00 00 00 00 00 00 00 00 00 00 00 00 00 00 00 00 00 00 00 00 00 00 00 00 00 00 00 00 00 00 00 00 00 00 00 00 00 00 00 00 00 00 00 00 00 00 00 00 00 00 00 
12 09 08 15 16 13 12 20 17 06 07 09 09 08 02 02 03 02 04 02 06 04 00 03 02 01 05 03 04 03 02 02 02 03 03 03 00 03 02 04 01 02 01 02 04 03 03 04 01 01 04 03 00 04 02 05 02 02 02 04 00 02 02 04 04 01 05 05 05 04 02 03 02 05 02 00 03 01 03 01 03 01 05 03 04 02 02 02 02 01 00 00 00 00 00 00 00 00 00 00 00 00 00 00 00 00 00 00 00 00 00 00 00 00 00 00 00 00 00 00 00 00 00 00 00 00 00 00 00 00 00 00 00 00 00 00 00 00 00 00 00 00 00 00 00 00 00 00 00 00 00 00 00 00 00 00 00 00 00 00 00 00 00 00 00 00 00 00 00 00 00 00 00 00 00 00 00 00 00 00 00 00 00 00 00 00 00 00 00 00 
09 15 09 15 14 14 14 11 11 08 04 11 08 04 03 03 09 10 12 13 07 01 03 05 07 03 04 03 07 03 04 01 03 05 02 04 05 03 01 04 02 03 00 03 02 01 06 02 03 01 01 03 03 02 01 06 02 01 03 04 04 05 02 04 01 03 03 04 01 02 02 02 03 04 03 02 01 02 04 03 04 04 04 02 01 02 01 03 00 00 01 00 00 00 00 00 00 00 00 00 00 00 00 00 00 00 00 00 00 00 00 00 00 00 00 00 00 00 00 00 00 00 00 00 00 00 00 00 00 00 00 00 00 00 00 00 00 00 00 00 00 00 00 00 00 00 00 00 00 00 00 00 00 00 00 00 00 00 00 00 00 00 00 00 00 00 00 00 00 00 00 00 00 00 00 00 00 00 00 00 00 00 00 00 00 00 00 00 00 00 
10 07 11 09 17 05 09 03 05 13 08 05 06 01 03 02 01 02 03 03 03 02 03 05 01 04 02 05 03 01 01 03 03 04 05 03 03 03 04 01 05 02 02 02 02 04 05 04 02 03 02 01 03 02 01 04 03 05 02 04 02 01 02 04 03 01 03 01 02 04 01 03 03 02 02 03 03 00 06 02 03 03 01 03 04 01 03 02 01 03 00 00 00 00 00 00 00 00 00 00 00 00 00 00 00 00 00 00 00 00 00 00 00 00 00 00 00 00 00 00 00 00 00 00 00 00 00 00 00 00 00 00 00 00 00 00 00 00 00 00 00 00 00 00 00 00 00 00 00 00 00 00 00 00 00 00 00 00 00 00 00 00 00 00 00 00 00 00 00 00 00 00 00 00 00 00 00 00 00 00 00 00 00 00 00 00 00 00 00 00 
14 14 11 11 11 15 07 04 09 10 04 03 04 08 06 05 04 03 09 04 07 10 10 01 05 01 01 02 02 02 00 04 02 02 01 02 07 00 04 00 04 02 03 03 03 03 01 01 00 01 03 01 02 02 02 05 02 02 03 04 01 03 03 00 02 02 04 03 03 02 03 05 02 03 03 05 04 02 03 02 06 03 00 02 02 04 04 01 00 01 00 00 00 00 00 00 00 00 00 00 00 00 00 00 00 00 00 00 00 00 00 00 00 00 00 00 00 00 00 00 00 00 00 00 00 00 00 00 00 00 00 00 00 00 00 00 00 00 00 00 00 00 00 00 00 00 00 00 00 00 00 00 00 00 00 00 00 00 00 00 00 00 00 00 00 00 00 00 00 00 00 00 00 00 00 00 00 00 00 00 00 00 00 00 00 00 00 00 00 00 
07 06 04 03 05 04 01 03 05 03 03 04 03 02 01 01 01 01 00 02 04 04 02 00 03 03 04 03 04 02 02 02 02 02 06 04 06 03 01 03 03 05 02 01 02 02 03 03 02 03 00 00 04 01 02 00 04 01 02 02 03 02 01 02 04 01 02 06 02 04 01 03 01 03 01 03 03 03 01 01 01 04 03 02 02 00 02 03 04 04 00 00 00 00 00 00 00 00 00 00 00 00 00 00 00 00 00 00 00 00 00 00 00 00 00 00 00 00 00 00 00 00 00 00 00 00 00 00 00 00 00 00 00 00 00 00 00 00 00 00 00 00 00 00 00 00 00 00 00 00 00 00 00 00 00 00 00 00 00 00 00 00 00 00 00 00 00 00 00 00 00 00 00 00 00 00 00 00 00 00 00 00 00 00 00 00 00 00 00 00 
12 16 06 08 04 05 06 09 03 07 06 10 10 05 03 03 03 07 04 01 02 04 04 03 03 05 02 05 03 01 04 01 03 02 04 02 06 01 02 01 04 03 01 00 04 03 02 03 04 01 03 00 04 02 05 02 03 04 01 01 03 05 02 03 03 04 02 00 04 01 03 03 03 03 04 02 01 02 03 02 04 03 03 01 04 04 01 02 01 02 00 00 00 00 00 00 00 00 00 00 00 00 00 00 00 00 00 00 00 00 00 00 00 00 00 00 00 00 00 00 00 00 00 00 00 00 00 00 00 00 00 00 00 00 00 00 00 00 00 00 00 00 00 00 00 00 00 00 00 00 00 00 00 00 00 00 00 00 00 00 00 00 00 00 00 00 00 00 00 00 00 00 00 00 00 00 00 00 00 00 00 00 00 00 00 00 00 00 00 00 
07 15 17 07 05 00 06 18 06 04 06 04 04 04 04 02 03 02 01 04 05 04 04 02 00 01 02 02 02 02 02 03 01 01 02 01 02 02 01 03 02 04 04 01 03 02 02 06 06 06 10 08 10 10 07 02 03 04 04 01 02 01 02 01 06 01 01 04 02 02 03 02 02 03 05 03 03 02 03 01 03 03 02 02 01 05 05 05 00 06 00 00 00 00 00 00 00 00 00 00 00 00 00 00 00 00 00 00 00 00 00 00 00 00 00 00 00 00 00 00 00 00 00 00 00 00 00 00 00 00 00 00 00 00 00 00 00 00 00 00 00 00 00 00 00 00 00 00 00 00 00 00 00 00 00 00 00 00 00 00 00 00 00 00 00 00 00 00 00 00 00 00 00 00 00 00 00 00 00 00 00 00 00 00 00 00 00 00 00 00 
09 13 06 04 08 03 06 04 09 08 08 04 02 05 04 03 04 03 02 01 01 03 03 02 02 03 02 00 02 00 02 01 04 03 00 02 01 02 02 02 02 05 02 01 03 02 01 02 06 02 02 02 01 03 02 03 02 02 01 03 05 05 03 02 05 02 01 05 02 01 02 03 03 01 03 01 03 03 01 01 02 03 02 01 01 02 01 02 03 02 00 00 00 00 00 00 00 00 00 00 00 00 00 00 00 00 00 00 00 00 00 00 00 00 00 00 00 00 00 00 00 00 00 00 00 00 00 00 00 00 00 00 00 00 00 00 00 00 00 00 00 00 00 00 00 00 00 00 00 00 00 00 00 00 00 00 00 00 00 00 00 00 00 00 00 00 00 00 00 00 00 00 00 00 00 00 00 00 00 00 00 00 00 00 00 00 00 00 00 00 
10 02 10 06 10 12 13 12 17 10 07 03 01 04 03 01 03 03 03 02 02 01 02 03 02 02 03 01 02 01 02 01 03 02 00 02 02 04 04 05 02 02 03 03 05 05 01 03 01 02 04 03 01 02 02 02 03 03 00 03 05 02 03 01 02 02 03 02 03 03 01 04 02 04 01 01 02 04 03 02 03 02 03 03 05 00 02 00 03 06 00 00 00 00 00 00 00 00 00 00 00 00 00 00 00 00 00 00 00 00 00 00 00 00 00 00 00 00 00 00 00 00 00 00 00 00 00 00 00 00 00 00 00 00 00 00 00 00 00 00 00 00 00 00 00 00 00 00 00 00 00 00 00 00 00 00 00 00 00 00 00 00 00 00 00 00 00 00 00 00 00 00 00 00 00 00 00 00 00 00 00 00 00 00 00 00 00 00 00 00 
09 04 04 09 13 14 07 07 09 12 08 02 12 08 02 04 02 05 03 06 02 08 03 01 01 02 02 04 03 03 04 03 02 03 05 03 01 02 03 01 04 04 01 02 03 01 01 02 04 04 03 02 03 03 04 02 01 02 04 01 01 03 02 03 01 00 01 01 04 01 05 04 04 03 01 00 07 03 02 03 02 02 03 03 04 02 02 01 00 04 00 00 00 00 00 00 00 00 00 00 00 00 00 00 00 00 00 00 00 00 00 00 00 00 00 00 00 00 00 00 00 00 00 00 00 00 00 00 00 00 00 00 00 00 00 00 00 00 00 00 00 00 00 00 00 00 00 00 00 00 00 00 00 00 00 00 00 00 00 00 00 00 00 00 00 00 00 00 00 00 00 00 00 00 00 00 00 00 00 00 00 00 00 00 00 00 00 00 00 00 
11 07 17 17 15 14 14 08 06 10 02 02 07 01 02 01 05 02 04 05 04 02 04 01 02 03 01 02 03 04 02 02 02 01 03 02 03 02 01 02 04 03 01 01 02 02 01 01 02 02 02 03 03 04 00 02 02 04 04 02 03 03 02 01 03 02 03 04 02 01 01 02 02 02 01 03 03 00 02 03 04 02 02 04 04 03 04 02 02 03 00 00 00 00 00 00 00 00 00 00 00 00 00 00 00 00 00 00 00 00 00 00 00 00 00 00 00 00 00 00 00 00 00 00 00 00 00 00 00 00 00 00 00 00 00 00 00 00 00 00 00 00 00 00 00 00 00 00 00 00 00 00 00 00 00 00 00 00 00 00 00 00 00 00 00 00 00 00 00 00 00 00 00 00 00 00 00 00 00 00 00 00 00 00 00 00 00 00 00 00 
11 02 04 03 01 02 14 10 04 05 02 05 03 03 02 03 02 02 03 02 02 03 01 05 01 02 02 01 03 01 02 01 00 02 05 03 01 01 03 03 01 02 04 03 03 03 01 02 03 04 00 03 04 02 01 00 04 02 05 03 03 01 04 02 03 04 01 02 01 05 03 01 05 01 02 02 04 01 02 01 01 04 03 06 02 04 01 02 01 01 00 00 00 00 00 00 00 00 00 00 00 00 00 00 00 00 00 00 00 00 00 00 00 00 00 00 00 00 00 00 00 00 00 00 00 00 00 00 00 00 00 00 00 00 00 00 00 00 00 00 00 00 00 00 00 00 00 00 00 00 00 00 00 00 00 00 00 00 00 00 00 00 00 00 00 00 00 00 00 00 00 00 00 00 00 00 00 00 00 00 00 00 00 00 00 00 00 00 00 00 
13 16 11 03 09 02 04 03 04 11 13 11 03 05 05 05 03 03 02 02 00 01 02 01 01 01 00 01 01 03 04 03 02 04 03 05 02 02 02 03 02 02 04 01 02 02 00 02 03 03 03 02 04 01 04 02 06 04 04 01 03 02 04 01 02 01 06 01 01 03 02 00 01 01 01 04 05 04 01 02 01 04 03 06 03 01 05 04 01 02 00 00 00 00 00 00 00 00 00 00 00 00 00 00 00 00 00 00 00 00 00 00 00 00 00 00 00 00 00 00 00 00 00 00 00 00 00 00 00 00 00 00 00 00 00 00 00 00 00 00 00 00 00 00 00 00 00 00 00 00 00 00 00 00 00 00 00 00 00 00 00 00 00 00 00 00 00 00 00 00 00 00 00 00 00 00 00 00 00 00 00 00 00 00 00 00 00 00 00 00 
07 05 03 07 04 03 06 03 08 03 00 05 02 03 02 04 02 02 01 03 04 03 01 02 01 03 01 02 02 02 05 05 04 06 04 02 03 04 03 02 03 05 03 01 05 01 05 01 04 03 03 04 02 02 03 01 05 02 02 01 04 02 03 04 02 01 03 04 06 03 06 06 02 03 02 02 04 00 01 02 04 00 03 01 04 03 01 03 06 02 00 00 00 00 00 00 00 00 00 00 00 00 00 00 00 00 00 00 00 00 00 00 00 00 00 00 00 00 00 00 00 00 00 00 00 00 00 00 00 00 00 00 00 00 00 00 00 00 00 00 00 00 00 00 00 00 00 00 00 00 00 00 00 00 00 00 00 00 00 00 00 00 00 00 00 00 00 00 00 00 00 00 00 00 00 00 00 00 00 00 00 00 00 00 00 00 00 00 00 00 
13 05 03 04 02 02 02 01 01 02 03 03 02 04 03 02 04 02 01 03 01 02 04 01 05 03 04 05 02 02 02 02 00 00 02 01 03 05 02 04 05 05 01 00 00 07 03 03 01 03 05 03 04 02 04 02 01 04 00 03 02 01 04 01 02 05 02 01 01 05 00 03 03 04 01 02 03 02 01 01 01 02 03 03 01 02 02 02 02 04 00 00 00 00 00 00 00 00 00 00 00 00 00 00 00 00 00 00 00 00 00 00 00 00 00 00 00 00 00 00 00 00 00 00 00 00 00 00 00 00 00 00 00 00 00 00 00 00 00 00 00 00 00 00 00 00 00 00 00 00 00 00 00 00 00 00 00 00 00 00 00 00 00 00 00 00 00 00 00 00 00 00 00 00 00 00 00 00 00 00 00 00 00 00 00 00 00 00 00 00 
10 07 02 03 04 03 01 04 03 09 05 03 01 02 02 04 01 02 04 04 01 00 04 04 01 02 00 02 01 04 01 05 03 04 01 03 02 03 02 03 02 01 01 03 05 01 01 04 01 02 00 01 01 02 02 04 01 00 01 02 03 05 02 04 02 02 01 02 03 00 02 03 03 02 01 01 02 02 02 01 02 03 00 03 02 04 02 02 04 01 00 00 00 00 00 00 00 00 00 00 00 00 00 00 00 00 00 00 00 00 00 00 00 00 00 00 00 00 00 00 00 00 00 00 00 00 00 00 00 00 00 00 00 00 00 00 00 00 00 00 00 00 00 00 00 00 00 00 00 00 00 00 00 00 00 00 00 00 00 00 00 00 00 00 00 00 00 00 00 00 00 00 00 00 00 00 00 00 00 00 00 00 00 00 00 00 00 00 00 00 
11 08 07 03 06 02 07 11 06 04 01 03 05 07 04 03 02 03 08 03 05 01 02 04 04 02 02 00 01 01 05 02 01 03 01 03 00 01 03 02 02 04 02 02 02 02 02 00 02 04 03 03 02 02 02 05 02 02 01 00 00 03 02 04 02 02 03 02 03 02 02 01 02 03 03 02 01 02 03 02 02 03 05 03 01 03 02 02 04 04 00 00 00 00 00 00 00 00 00 00 00 00 00 00 00 00 00 00 00 00 00 00 00 00 00 00 00 00 00 00 00 00 00 00 00 00 00 00 00 00 00 00 00 00 00 00 00 00 00 00 00 00 00 00 00 00 00 00 00 00 00 00 00 00 00 00 00 00 00 00 00 00 00 00 00 00 00 00 00 00 00 00 00 00 00 00 00 00 00 00 00 00 00 00 00 00 00 00 00 00 
13 08 05 05 08 04 05 03 04 02 03 01 03 07 05 03 01 02 00 01 05 03 01 03 02 05 00 01 05 03 05 04 01 01 00 02 04 05 03 03 02 02 01 03 01 00 04 03 03 05 01 02 02 02 05 04 03 04 01 02 01 02 02 03 03 04 02 02 01 00 03 03 04 03 05 03 05 01 03 03 01 02 03 05 02 04 03 00 01 02 00 00 00 00 00 00 00 00 00 00 00 00 00 00 00 00 00 00 00 00 00 00 00 00 00 00 00 00 00 00 00 00 00 00 00 00 00 00 00 00 00 00 00 00 00 00 00 00 00 00 00 00 00 00 00 00 00 00 00 00 00 00 00 00 00 00 00 00 00 00 00 00 00 00 00 00 00 00 00 00 00 00 00 00 00 00 00 00 00 00 00 00 00 00 00 00 00 00 00 00 
12 03 07 02 00 06 07 02 07 03 04 02 07 04 01 01 02 02 02 03 04 02 01 03 05 01 00 01 01 02 03 04 02 01 05 03 04 02 01 02 02 05 01 00 03 04 01 04 02 01 01 04 01 03 01 02 03 05 03 02 01 03 03 02 02 04 01 01 03 05 04 05 04 03 03 04 05 02 02 05 01 04 04 02 05 02 02 03 02 04 00 00 00 00 00 00 00 00 00 00 00 00 00 00 00 00 00 00 00 00 00 00 00 00 00 00 00 00 00 00 00 00 00 00 00 00 00 00 00 00 00 00 00 00 00 00 00 00 00 00 00 00 00 00 00 00 00 00 00 00 00 00 00 00 00 00 00 00 00 00 00 00 00 00 00 00 00 00 00 00 00 00 00 00 00 00 00 00 00 00 00 00 00 00 00 00 00 00 00 00 
09 03 06 07 02 04 04 05 09 04 07 10 06 06 05 07 08 04 02 05 03 01 02 02 02 02 00 04 02 03 01 04 03 03 03 03 02 02 06 03 01 02 03 02 03 02 00 02 03 05 05 02 03 00 02 03 02 03 04 02 02 01 03 00 02 02 03 02 02 01 03 03 01 02 02 01 03 01 02 05 05 03 02 02 03 04 01 02 05 04 00 00 00 00 00 00 00 00 00 00 00 00 00 00 00 00 00 00 00 00 00 00 00 00 00 00 00 00 00 00 00 00 00 00 00 00 00 00 00 00 00 00 00 00 00 00 00 00 00 00 00 00 00 00 00 00 00 00 00 00 00 00 00 00 00 00 00 00 00 00 00 00 00 00 00 00 00 00 00 00 00 00 00 00 00 00 00 00 00 00 00 00 00 00 00 00 00 00 00 00 
13 14 12 10 04 07 08 06 06 09 02 04 04 01 02 06 05 02 03 03 04 03 02 03 03 07 01 03 05 00 02 01 01 02 02 00 02 03 03 04 01 04 02 03 03 01 02 03 00 03 03 06 03 01 01 05 01 03 04 01 04 00 03 02 03 01 02 04 02 03 01 06 01 04 02 04 02 02 03 02 04 02 03 05 02 02 04 02 02 02 00 00 00 00 00 00 00 00 00 00 00 00 00 00 00 00 00 00 00 00 00 00 00 00 00 00 00 00 00 00 00 00 00 00 00 00 00 00 00 00 00 00 00 00 00 00 00 00 00 00 00 00 00 00 00 00 00 00 00 00 00 00 00 00 00 00 00 00 00 00 00 00 00 00 00 00 00 00 00 00 00 00 00 00 00 00 00 00 00 00 00 00 00 00 00 00 00 00 00 00 
09 03 07 02 04 04 01 03 07 10 06 05 06 02 02 02 04 03 01 00 02 04 01 01 02 01 04 04 04 02 02 02 03 02 04 03 03 01 00 02 01 01 03 01 02 03 04 01 03 05 02 03 04 02 03 00 01 01 03 02 04 03 04 02 03 04 05 03 03 04 03 02 03 03 02 01 04 02 02 01 04 02 00 01 06 01 04 04 00 03 00 00 00 00 00 00 00 00 00 00 00 00 00 00 00 00 00 00 00 00 00 00 00 00 00 00 00 00 00 00 00 00 00 00 00 00 00 00 00 00 00 00 00 00 00 00 00 00 00 00 00 00 00 00 00 00 00 00 00 00 00 00 00 00 00 00 00 00 00 00 00 00 00 00 00 00 00 00 00 00 00 00 00 00 00 00 00 00 00 00 00 00 00 00 00 00 00 00 00 00 
12 13 13 14 11 06 11 12 10 08 08 09 08 10 04 06 03 03 08 05 02 08 08 06 06 04 00 05 02 01 04 04 04 03 06 00 03 05 03 02 06 04 03 03 03 01 02 03 04 02 01 01 02 02 02 02 07 02 01 01 03 01 06 03 01 02 03 01 02 04 02 04 01 02 01 01 01 04 01 02 02 00 03 02 02 01 05 00 01 04 00 00 00 00 00 00 00 00 00 00 00 00 00 00 00 00 00 00 00 00 00 00 00 00 00 00 00 00 00 00 00 00 00 00 00 00 00 00 00 00 00 00 00 00 00 00 00 00 00 00 00 00 00 00 00 00 00 00 00 00 00 00 00 00 00 00 00 00 00 00 00 00 00 00 00 00 00 00 00 00 00 00 00 00 00 00 00 00 00 00 00 00 00 00 00 00 00 00 00 00 
06 04 04 04 04 05 06 01 00 05 08 02 03 04 06 01 02 04 03 01 04 04 03 03 04 04 04 03 03 02 03 03 04 03 03 01 03 02 02 01 04 02 02 03 03 02 02 04 04 03 01 00 00 02 03 02 02 01 02 03 01 06 04 00 04 01 01 05 04 01 02 02 03 03 05 03 02 04 03 03 04 02 02 05 02 06 04 01 00 03 00 00 00 00 00 00 00 00 00 00 00 00 00 00 00 00 00 00 00 00 00 00 00 00 00 00 00 00 00 00 00 00 00 00 00 00 00 00 00 00 00 00 00 00 00 00 00 00 00 00 00 00 00 00 00 00 00 00 00 00 00 00 00 00 00 00 00 00 00 00 00 00 00 00 00 00 00 00 00 00 00 00 00 00 00 00 00 00 00 00 00 00 00 00 00 00 00 00 00 00 
08 04 03 07 02 03 03 07 01 03 03 05 02 01 02 04 03 03 05 02 04 06 03 02 03 03 04 02 00 03 01 02 02 05 05 05 02 05 04 01 01 02 03 03 03 02 04 05 02 03 01 02 02 02 01 04 02 01 04 03 01 02 02 02 01 00 01 03 03 05 03 03 04 03 01 03 03 02 03 05 03 01 01 03 01 02 01 03 02 03 00 00 00 00 00 00 00 00 00 00 00 00 00 00 00 00 00 00 00 00 00 00 00 00 00 00 00 00 00 00 00 00 00 00 00 00 00 00 00 00 00 00 00 00 00 00 00 00 00 00 00 00 00 00 00 00 00 00 00 00 00 00 00 00 00 00 00 00 00 00 00 00 00 00 00 00 00 00 00 00 00 00 00 00 00 00 00 00 00 00 00 00 00 00 00 00 00 00 00 00 
05 07 06 05 05 05 08 04 01 02 02 04 01 02 01 03 06 01 01 00 02 03 02 04 04 03 02 03 01 03 03 02 02 01 01 04 03 02 04 02 00 03 01 00 02 03 02 02 05 02 04 00 00 03 03 01 03 04 01 02 02 02 03 02 03 01 03 01 03 02 04 03 04 02 01 03 00 01 02 04 03 01 03 04 02 02 03 02 01 02 00 00 00 00 00 00 00 00 00 00 00 00 00 00 00 00 00 00 00 00 00 00 00 00 00 00 00 00 00 00 00 00 00 00 00 00 00 00 00 00 00 00 00 00 00 00 00 00 00 00 00 00 00 00 00 00 00 00 00 00 00 00 00 00 00 00 00 00 00 00 00 00 00 00 00 00 00 00 00 00 00 00 00 00 00 00 00 00 00 00 00 00 00 00 00 00 00 00 00 00 
11 08 05 11 11 06 02 09 08 04 09 09 04 05 03 04 02 04 05 02 03 02 04 01 02 05 03 05 02 03 04 06 01 04 03 00 03 03 01 04 02 04 03 00 04 04 02 01 02 01 05 01 02 05 01 03 01 05 02 03 00 02 02 01 02 04 01 02 02 03 03 01 02 05 05 03 01 02 04 03 03 01 01 06 04 02 03 00 03 03 00 00 00 00 00 00 00 00 00 00 00 00 00 00 00 00 00 00 00 00 00 00 00 00 00 00 00 00 00 00 00 00 00 00 00 00 00 00 00 00 00 00 00 00 00 00 00 00 00 00 00 00 00 00 00 00 00 00 00 00 00 00 00 00 00 00 00 00 00 00 00 00 00 00 00 00 00 00 00 00 00 00 00 00 00 00 00 00 00 00 00 00 00 00 00 00 00 00 00 00 
10 08 08 11 16 11 10 09 13 11 05 05 15 14 01 02 01 08 10 04 01 05 04 04 01 02 05 04 01 03 04 05 02 01 01 04 02 04 02 01 04 02 04 01 03 00 03 07 00 03 03 02 01 02 03 03 03 00 01 04 03 00 02 04 02 02 04 05 02 01 03 03 02 03 03 00 01 03 05 03 02 06 02 03 04 00 00 03 02 03 00 00 00 00 00 00 00 00 00 00 00 00 00 00 00 00 00 00 00 00 00 00 00 00 00 00 00 00 00 00 00 00 00 00 00 00 00 00 00 00 00 00 00 00 00 00 00 00 00 00 00 00 00 00 00 00 00 00 00 00 00 00 00 00 00 00 00 00 00 00 00 00 00 00 00 00 00 00 00 00 00 00 00 00 00 00 00 00 00 00 00 00 00 00 00 00 00 00 00 00 
13 07 05 05 06 06 02 06 08 04 04 02 01 02 02 04 02 02 00 03 04 02 00 02 03 02 02 02 02 01 03 04 04 04 03 02 03 02 01 02 01 04 01 02 02 01 05 05 06 02 03 02 00 03 00 01 02 01 02 04 02 02 08 04 02 04 00 02 02 02 01 00 02 03 05 03 00 02 04 01 02 01 04 02 05 05 01 02 01 06 00 00 00 00 00 00 00 00 00 00 00 00 00 00 00 00 00 00 00 00 00 00 00 00 00 00 00 00 00 00 00 00 00 00 00 00 00 00 00 00 00 00 00 00 00 00 00 00 00 00 00 00 00 00 00 00 00 00 00 00 00 00 00 00 00 00 00 00 00 00 00 00 00 00 00 00 00 00 00 00 00 00 00 00 00 00 00 00 00 00 00 00 00 00 00 00 00 00 00 00 
07 10 06 07 04 05 05 04 04 04 04 04 05 02 03 01 02 04 02 04 05 03 03 03 01 01 02 03 05 02 03 04 03 03 03 01 01 02 01 01 01 00 04 02 02 06 03 01 02 02 05 01 03 03 03 03 03 02 04 05 04 03 01 01 02 02 02 00 04 01 03 02 01 01 01 01 06 05 01 03 04 02 06 02 05 02 03 04 01 02 00 00 00 00 00 00 00 00 00 00 00 00 00 00 00 00 00 00 00 00 00 00 00 00 00 00 00 00 00 00 00 00 00 00 00 00 00 00 00 00 00 00 00 00 00 00 00 00 00 00 00 00 00 00 00 00 00 00 00 00 00 00 00 00 00 00 00 00 00 00 00 00 00 00 00 00 00 00 00 00 00 00 00 00 00 00 00 00 00 00 00 00 00 00 00 00 00 00 00 00 
10 09 15 06 03 02 03 02 03 01 05 02 04 02 02 03 02 01 04 03 03 04 02 06 04 04 02 04 01 03 00 00 02 02 00 05 03 04 00 02 00 02 02 04 03 05 02 01 04 01 03 03 01 02 00 02 04 02 04 03 02 02 01 03 02 02 02 04 02 03 02 01 03 01 01 05 01 02 01 03 00 01 01 02 01 03 03 02 01 04 00 00 00 00 00 00 00 00 00 00 00 00 00 00 00 00 00 00 00 00 00 00 00 00 00 00 00 00 00 00 00 00 00 00 00 00 00 00 00 00 00 00 00 00 00 00 00 00 00 00 00 00 00 00 00 00 00 00 00 00 00 00 00 00 00 00 00 00 00 00 00 00 00 00 00 00 00 00 00 00 00 00 00 00 00 00 00 00 00 00 00 00 00 00 00 00 00 00 00 00 
12 15 14 11 10 07 06 04 06 03 07 03 06 09 07 11 08 03 05 04 02 02 02 02 03 02 02 01 06 01 01 03 03 02 01 04 04 06 05 00 02 02 02 01 01 04 01 01 02 01 03 02 03 02 01 02 00 02 02 01 02 02 06 03 03 02 02 03 02 00 02 04 04 02 01 04 01 05 01 01 03 05 01 02 04 04 02 02 02 01 00 00 00 00 00 00 00 00 00 00 00 00 00 00 00 00 00 00 00 00 00 00 00 00 00 00 00 00 00 00 00 00 00 00 00 00 00 00 00 00 00 00 00 00 00 00 00 00 00 00 00 00 00 00 00 00 00 00 00 00 00 00 00 00 00 00 00 00 00 00 00 00 00 00 00 00 00 00 00 00 00 00 00 00 00 00 00 00 00 00 00 00 00 00 00 00 00 00 00 00 
10 13 04 06 05 09 04 06 08 04 05 05 06 02 05 02 03 04 04 02 05 05 01 02 03 04 03 01 03 05 01 02 03 01 03 04 05 03 02 02 01 02 02 04 03 04 01 01 02 02 00 03 04 04 03 01 02 02 04 03 03 02 02 03 02 03 00 06 02 02 04 02 02 07 03 03 05 04 02 01 04 03 02 04 01 05 04 03 01 03 00 00 00 00 00 00 00 00 00 00 00 00 00 00 00 00 00 00 00 00 00 00 00 00 00 00 00 00 00 00 00 00 00 00 00 00 00 00 00 00 00 00 00 00 00 00 00 00 00 00 00 00 00 00 00 00 00 00 00 00 00 00 00 00 00 00 00 00 00 00 00 00 00 00 00 00 00 00 00 00 00 00 00 00 00 00 00 00 00 00 00 00 00 00 00 00 00 00 00 00 
10 06 11 04 01 06 08 06 00 03 07 05 03 01 00 03 03 01 02 03 03 02 01 02 02 01 04 04 02 02 02 02 04 03 05 04 01 02 02 04 04 02 03 04 02 03 02 02 05 01 01 02 03 05 04 02 04 04 02 06 01 02 03 04 03 04 01 04 02 04 02 04 05 01 02 04 02 02 02 03 03 02 02 04 05 02 03 02 05 01 00 00 00 00 00 00 00 00 00 00 00 00 00 00 00 00 00 00 00 00 00 00 00 00 00 00 00 00 00 00 00 00 00 00 00 00 00 00 00 00 00 00 00 00 00 00 00 00 00 00 00 00 00 00 00 00 00 00 00 00 00 00 00 00 00 00 00 00 00 00 00 00 00 00 00 00 00 00 00 00 00 00 00 00 00 00 00 00 00 00 00 00 00 00 00 00 00 00 00 00 
06 04 00 04 04 03 02 04 03 00 02 03 04 05 04 01 03 05 04 02 01 02 04 02 03 02 02 01 01 00 04 02 03 04 00 03 03 01 02 04 01 05 02 04 02 04 02 04 03 02 03 03 00 01 02 02 01 01 03 05 05 05 02 03 05 07 03 03 02 03 03 02 02 02 01 01 02 01 03 01 02 02 01 03 02 02 03 00 03 03 00 00 00 00 00 00 00 00 00 00 00 00 00 00 00 00 00 00 00 00 00 00 00 00 00 00 00 00 00 00 00 00 00 00 00 00 00 00 00 00 00 00 00 00 00 00 00 00 00 00 00 00 00 00 00 00 00 00 00 00 00 00 00 00 00 00 00 00 00 00 00 00 00 00 00 00 00 00 00 00 00 00 00 00 00 00 00 00 00 00 00 00 00 00 00 00 00 00 00 00 
13 09 03 04 08 07 07 04 03 02 00 02 01 03 04 03 05 03 03 00 03 04 04 02 03 02 04 03 03 00 02 03 04 01 02 02 02 01 04 02 02 03 05 01 03 02 05 04 02 04 02 04 01 01 05 02 04 02 02 01 02 04 02 01 03 02 02 02 03 02 01 02 02 01 01 04 03 02 03 02 03 01 01 01 03 03 03 03 02 05 00 00 00 00 00 00 00 00 00 00 00 00 00 00 00 00 00 00 00 00 00 00 00 00 00 00 00 00 00 00 00 00 00 00 00 00 00 00 00 00 00 00 00 00 00 00 00 00 00 00 00 00 00 00 00 00 00 00 00 00 00 00 00 00 00 00 00 00 00 00 00 00 00 00 00 00 00 00 00 00 00 00 00 00 00 00 00 00 00 00 00 00 00 00 00 00 00 00 00 00 
11 11 08 06 08 02 13 13 04 03 06 06 07 02 02 04 04 03 03 04 03 02 02 04 04 02 05 00 00 05 03 02 01 01 01 02 06 02 02 04 03 01 01 01 03 02 02 01 03 04 02 04 05 01 02 02 03 03 05 03 03 03 05 03 02 01 03 03 02 05 01 01 03 03 01 05 02 03 01 02 03 02 03 03 01 02 02 02 01 04 00 00 00 00 00 00 00 00 00 00 00 00 00 00 00 00 00 00 00 00 00 00 00 00 00 00 00 00 00 00 00 00 00 00 00 00 00 00 00 00 00 00 00 00 00 00 00 00 00 00 00 00 00 00 00 00 00 00 00 00 00 00 00 00 00 00 00 00 00 00 00 00 00 00 00 00 00 00 00 00 00 00 00 00 00 00 00 00 00 00 00 00 00 00 00 00 00 00 00 00 
08 06 07 06 08 02 01 04 06 03 03 02 02 04 02 01 02 04 04 02 02 01 04 04 02 01 04 04 01 01 02 01 03 05 06 02 03 04 04 03 02 03 02 02 05 03 04 04 02 05 04 01 05 00 03 02 04 02 05 05 03 03 01 03 01 01 02 02 02 04 00 03 02 01 00 02 02 04 03 02 02 00 05 04 01 03 02 03 03 00 00 00 00 00 00 00 00 00 00 00 00 00 00 00 00 00 00 00 00 00 00 00 00 00 00 00 00 00 00 00 00 00 00 00 00 00 00 00 00 00 00 00 00 00 00 00 00 00 00 00 00 00 00 00 00 00 00 00 00 00 00 00 00 00 00 00 00 00 00 00 00 00 00 00 00 00 00 00 00 00 00 00 00 00 00 00 00 00 00 00 00 00 00 00 00 00 00 00 00 00 
10 08 04 05 02 03 08 03 09 04 04 02 01 01 02 03 03 06 03 04 04 03 04 03 03 02 02 03 03 05 03 05 00 03 03 04 03 02 04 03 04 01 04 00 02 02 02 03 03 01 00 02 01 05 01 02 02 02 03 04 01 01 02 02 02 01 02 04 04 03 02 03 01 01 02 01 02 04 03 03 01 04 00 04 04 04 02 03 01 02 00 00 00 00 00 00 00 00 00 00 00 00 00 00 00 00 00 00 00 00 00 00 00 00 00 00 00 00 00 00 00 00 00 00 00 00 00 00 00 00 00 00 00 00 00 00 00 00 00 00 00 00 00 00 00 00 00 00 00 00 00 00 00 00 00 00 00 00 00 00 00 00 00 00 00 00 00 00 00 00 00 00 00 00 00 00 00 00 00 00 00 00 00 00 00 00 00 00 00 00 
15 13 05 15 06 11 02 04 06 05 03 04 03 05 01 00 01 01 03 05 01 03 04 02 03 02 02 02 04 02 01 05 02 00 03 03 01 00 03 01 04 04 00 06 01 02 03 04 02 01 03 01 00 02 03 01 02 05 03 03 02 01 00 04 01 01 04 04 04 05 04 04 04 04 01 04 03 06 03 04 03 03 01 03 02 05 01 06 03 00 00 00 00 00 00 00 00 00 00 00 00 00 00 00 00 00 00 00 00 00 00 00 00 00 00 00 00 00 00 00 00 00 00 00 00 00 00 00 00 00 00 00 00 00 00 00 00 00 00 00 00 00 00 00 00 00 00 00 00 00 00 00 00 00 00 00 00 00 00 00 00 00 00 00 00 00 00 00 00 00 00 00 00 00 00 00 00 00 00 00 00 00 00 00 00 00 00 00 00 00 
08 02 04 03 03 08 06 04 05 01 02 09 02 03 01 02 04 03 02 03 01 04 00 02 02 06 04 02 01 03 04 02 02 03 02 05 01 03 03 03 01 02 01 03 06 03 04 04 02 02 03 03 04 03 04 02 03 04 04 01 01 01 02 01 00 02 05 01 01 02 04 00 01 02 04 03 05 02 00 05 02 05 02 01 04 06 06 02 03 01 00 00 00 00 00 00 00 00 00 00 00 00 00 00 00 00 00 00 00 00 00 00 00 00 00 00 00 00 00 00 00 00 00 00 00 00 00 00 00 00 00 00 00 00 00 00 00 00 00 00 00 00 00 00 00 00 00 00 00 00 00 00 00 00 00 00 00 00 00 00 00 00 00 00 00 00 00 00 00 00 00 00 00 00 00 00 00 00 00 00 00 00 00 00 00 00 00 00 00 00 
13 07 05 04 04 04 05 03 07 10 05 04 01 01 03 04 03 03 03 02 01 02 02 04 03 03 05 05 01 02 05 02 00 05 02 01 03 04 01 01 00 01 05 02 03 03 03 04 03 03 02 03 02 02 02 02 04 00 03 03 02 02 03 01 01 04 02 05 03 02 02 05 03 00 01 02 01 02 01 02 00 01 03 03 01 02 01 03 02 02 00 00 00 00 00 00 00 00 00 00 00 00 00 00 00 00 00 00 00 00 00 00 00 00 00 00 00 00 00 00 00 00 00 00 00 00 00 00 00 00 00 00 00 00 00 00 00 00 00 00 00 00 00 00 00 00 00 00 00 00 00 00 00 00 00 00 00 00 00 00 00 00 00 00 00 00 00 00 00 00 00 00 00 00 00 00 00 00 00 00 00 00 00 00 00 00 00 00 00 00 
12 03 06 07 04 12 05 06 06 03 05 04 08 01 01 03 02 02 05 01 02 04 03 01 05 02 02 05 02 04 02 02 05 04 02 02 02 03 03 01 01 01 03 02 02 02 04 03 05 04 03 03 05 01 04 00 00 04 02 01 01 02 03 03 00 02 04 03 03 01 02 01 03 03 01 02 02 00 02 02 02 01 02 02 04 01 04 00 02 01 00 00 00 00 00 00 00 00 00 00 00 00 00 00 00 00 00 00 00 00 00 00 00 00 00 00 00 00 00 00 00 00 00 00 00 00 00 00 00 00 00 00 00 00 00 00 00 00 00 00 00 00 00 00 00 00 00 00 00 00 00 00 00 00 00 00 00 00 00 00 00 00 00 00 00 00 00 00 00 00 00 00 00 00 00 00 00 00 00 00 00 00 00 00 00 00 00 00 00 00 
07 06 03 02 04 04 05 10 03 06 03 03 04 04 06 03 01 04 03 06 06 01 02 00 03 04 04 02 02 02 01 03 00 03 00 02 01 01 03 04 02 04 01 03 02 00 04 04 03 03 05 02 03 04 02 02 02 01 02 01 03 07 02 00 04 03 04 02 01 02 02 04 02 06 00 02 04 02 02 02 02 03 04 03 02 01 02 02 00 01 00 00 00 00 00 00 00 00 00 00 00 00 00 00 00 00 00 00 00 00 00 00 00 00 00 00 00 00 00 00 00 00 00 00 00 00 00 00 00 00 00 00 00 00 00 00 00 00 00 00 00 00 00 00 00 00 00 00 00 00 00 00 00 00 00 00 00 00 00 00 00 00 00 00 00 00 00 00 00 00 00 00 00 00 00 00 00 00 00 00 00 00 00 00 00 00 00 00 00 00 
12 13 10 10 14 05 06 03 02 04 04 03 02 03 02 04 01 02 02 04 04 02 02 05 00 04 03 05 06 05 03 01 03 01 03 01 02 03 06 03 01 02 02 01 05 04 04 03 02 05 01 03 02 01 01 02 02 04 01 02 03 02 03 04 01 00 02 01 02 04 04 03 01 01 03 00 03 03 04 06 03 03 02 04 04 00 04 03 03 03 00 00 00 00 00 00 00 00 00 00 00 00 00 00 00 00 00 00 00 00 00 00 00 00 00 00 00 00 00 00 00 00 00 00 00 00 00 00 00 00 00 00 00 00 00 00 00 00 00 00 00 00 00 00 00 00 00 00 00 00 00 00 00 00 00 00 00 00 00 00 00 00 00 00 00 00 00 00 00 00 00 00 00 00 00 00 00 00 00 00 00 00 00 00 00 00 00 00 00 00 
08 05 02 06 08 02 04 01 09 01 02 02 05 04 03 03 04 02 04 01 01 01 00 02 02 04 04 05 03 02 02 01 03 01 02 01 02 03 04 06 03 04 04 04 03 00 03 04 03 02 04 02 01 03 03 05 04 03 03 03 02 02 03 01 03 07 01 00 06 02 02 02 01 03 03 00 03 05 02 02 04 04 03 05 04 02 01 02 04 01 00 00 00 00 00 00 00 00 00 00 00 00 00 00 00 00 00 00 00 00 00 00 00 00 00 00 00 00 00 00 00 00 00 00 00 00 00 00 00 00 00 00 00 00 00 00 00 00 00 00 00 00 00 00 00 00 00 00 00 00 00 00 00 00 00 00 00 00 00 00 00 00 00 00 00 00 00 00 00 00 00 00 00 00 00 00 00 00 00 00 00 00 00 00 00 00 00 00 00 00 
10 06 00 01 02 08 03 05 04 07 07 02 04 02 05 01 02 05 03 05 05 04 03 02 07 01 03 00 02 05 03 05 03 03 04 02 05 05 02 02 03 04 02 02 01 04 03 02 03 02 02 01 04 02 03 02 02 06 04 01 03 02 01 06 01 03 04 04 04 00 03 02 03 03 03 00 01 04 07 01 04 05 01 02 00 02 04 02 04 04 00 00 00 00 00 00 00 00 00 00 00 00 00 00 00 00 00 00 00 00 00 00 00 00 00 00 00 00 00 00 00 00 00 00 00 00 00 00 00 00 00 00 00 00 00 00 00 00 00 00 00 00 00 00 00 00 00 00 00 00 00 00 00 00 00 00 00 00 00 00 00 00 00 00 00 00 00 00 00 00 00 00 00 00 00 00 00 00 00 00 00 00 00 00 00 00 00 00 00 00 
09 11 16 15 08 06 10 08 09 09 06 06 03 02 04 05 03 04 01 04 03 03 01 02 04 02 03 03 03 03 04 03 02 01 02 04 03 01 01 05 03 06 01 02 04 01 02 03 04 02 02 01 00 01 00 02 02 03 01 02 02 03 03 02 04 04 06 03 02 01 01 03 03 01 01 01 07 01 01 02 02 00 04 02 03 04 03 02 02 05 00 00 00 00 00 00 00 00 00 00 00 00 00 00 00 00 00 00 00 00 00 00 00 00 00 00 00 00 00 00 00 00 00 00 00 00 00 00 00 00 00 00 00 00 00 00 00 00 00 00 00 00 00 00 00 00 00 00 00 00 00 00 00 00 00 00 00 00 00 00 00 00 00 00 00 00 00 00 00 00 00 00 00 00 00 00 00 00 00 00 00 00 00 00 00 00 00 00 00 00 
11 09 03 02 02 04 04 03 02 04 04 03 04 06 03 02 03 02 04 02 05 02 01 02 06 03 02 01 00 01 04 01 00 04 04 03 04 02 03 01 04 04 02 03 02 01 02 01 00 01 01 03 04 01 03 01 02 03 03 02 02 03 03 03 03 02 02 00 03 05 01 01 02 04 01 00 03 01 03 05 04 00 02 02 01 02 00 07 03 01 00 00 00 00 00 00 00 00 00 00 00 00 00 00 00 00 00 00 00 00 00 00 00 00 00 00 00 00 00 00 00 00 00 00 00 00 00 00 00 00 00 00 00 00 00 00 00 00 00 00 00 00 00 00 00 00 00 00 00 00 00 00 00 00 00 00 00 00 00 00 00 00 00 00 00 00 00 00 00 00 00 00 00 00 00 00 00 00 00 00 00 00 00 00 00 00 00 00 00 00 
14 13 12 04 09 03 04 08 12 06 12 05 05 01 05 03 02 00 02 12 06 05 05 06 04 05 01 04 08 01 05 01 01 03 03 02 01 03 03 02 03 04 02 01 02 02 02 04 04 01 03 02 03 02 03 04 02 02 03 02 03 03 01 03 01 05 02 04 02 04 01 02 00 03 02 03 04 01 02 02 02 03 01 01 01 01 02 03 03 02 00 00 00 00 00 00 00 00 00 00 00 00 00 00 00 00 00 00 00 00 00 00 00 00 00 00 00 00 00 00 00 00 00 00 00 00 00 00 00 00 00 00 00 00 00 00 00 00 00 00 00 00 00 00 00 00 00 00 00 00 00 00 00 00 00 00 00 00 00 00 00 00 00 00 00 00 00 00 00 00 00 00 00 00 00 00 00 00 00 00 00 00 00 00 00 00 00 00 00 00 
04 01 05 03 03 01 01 02 09 05 03 03 01 03 02 02 01 04 03 02 03 04 02 03 03 03 02 01 00 05 04 01 02 01 01 01 03 03 03 04 04 04 05 03 00 05 02 04 04 05 01 00 03 06 04 06 02 01 03 02 04 02 04 04 04 01 03 01 01 03 00 02 00 04 02 03 02 02 02 01 04 05 05 02 03 02 03 01 03 03 00 00 00 00 00 00 00 00 00 00 00 00 00 00 00 00 00 00 00 00 00 00 00 00 00 00 00 00 00 00 00 00 00 00 00 00 00 00 00 00 00 00 00 00 00 00 00 00 00 00 00 00 00 00 00 00 00 00 00 00 00 00 00 00 00 00 00 00 00 00 00 00 00 00 00 00 00 00 00 00 00 00 00 00 00 00 00 00 00 00 00 00 00 00 00 00 00 00 00 00 
07 01 03 02 03 02 01 03 03 04 03 10 03 03 03 04 00 03 07 03 01 04 03 03 00 01 04 03 01 03 02 03 01 00 02 02 03 04 02 01 03 03 03 02 02 04 04 03 05 03 00 01 02 01 02 01 02 01 03 01 07 01 02 04 05 03 02 02 04 03 02 04 02 04 04 02 02 01 02 03 05 01 02 02 03 03 03 02 04 05 00 00 00 00 00 00 00 00 00 00 00 00 00 00 00 00 00 00 00 00 00 00 00 00 00 00 00 00 00 00 00 00 00 00 00 00 00 00 00 00 00 00 00 00 00 00 00 00 00 00 00 00 00 00 00 00 00 00 00 00 00 00 00 00 00 00 00 00 00 00 00 00 00 00 00 00 00 00 00 00 00 00 00 00 00 00 00 00 00 00 00 00 00 00 00 00 00 00 00 00 
05 10 16 04 08 08 12 14 01 03 03 02 03 01 03 06 02 02 04 01 11 06 03 01 03 03 03 04 03 02 04 02 04 03 02 01 01 02 02 03 02 02 01 04 01 03 02 02 02 02 05 02 04 02 03 01 04 04 00 03 00 05 03 00 05 02 03 04 03 04 02 00 00 01 00 02 03 01 04 04 05 02 01 02 04 03 04 02 03 02 00 00 00 00 00 00 00 00 00 00 00 00 00 00 00 00 00 00 00 00 00 00 00 00 00 00 00 00 00 00 00 00 00 00 00 00 00 00 00 00 00 00 00 00 00 00 00 00 00 00 00 00 00 00 00 00 00 00 00 00 00 00 00 00 00 00 00 00 00 00 00 00 00 00 00 00 00 00 00 00 00 00 00 00 00 00 00 00 00 00 00 00 00 00 00 00 00 00 00 00 
