07 07 06 04 04 02 05 02 02 04 02 03 01 03 03 01 05 02 02 03 02 02 01 02 02 01 03 02 04 05 02 03 03 01 05 05 02 02 03 02 02 03 07 02 04 01 02 03 03 02 01 02 03 04 04 05 06 13 03 04 04 03 05 06 02 02 05 01 01 03 04 05 02 03 03 03 02 01 02 03 03 06 05 04 02 05 07 03 03 04 04 03 01 05 02 04 03 02 03 02 
08 04 03 03 03 03 04 04 05 02 04 04 03 04 04 02 04 02 04 06 03 02 03 02 01 04 02 03 03 05 03 01 03 01 02 01 02 01 00 01 03 00 04 03 06 02 02 05 04 03 03 04 02 07 03 07 00 02 03 03 05 04 04 03 03 02 03 05 05 01 02 01 04 00 05 00 02 03 01 05 05 03 01 03 07 04 05 00 03 04 01 04 02 02 08 05 03 01 02 07 
15 21 07 27 07 04 12 08 07 07 06 04 01 04 03 07 04 05 03 02 01 02 03 05 01 02 02 01 03 10 02 03 03 03 07 02 02 00 02 02 03 01 01 01 04 02 01 04 02 02 03 03 02 04 03 06 02 06 02 06 04 02 01 04 04 01 04 02 03 01 05 01 03 01 03 01 02 03 03 03 03 02 03 02 05 03 04 04 03 06 04 04 06 05 03 04 03 03 04 03 
11 05 08 04 05 08 04 06 04 03 03 02 00 01 06 06 03 03 04 02 03 06 01 07 04 03 03 04 01 04 03 01 02 02 01 03 05 02 04 05 01 04 03 02 03 05 02 03 04 01 02 03 04 04 01 01 05 03 03 02 03 02 03 05 03 05 00 04 02 02 03 02 03 02 03 03 00 06 03 03 01 02 02 08 06 05 05 02 07 04 04 00 03 03 01 04 04 01 04 02 
18 18 27 07 25 12 03 02 06 01 03 04 01 01 06 01 05 01 03 04 03 01 00 02 01 03 04 06 06 01 02 02 04 03 05 01 01 06 02 06 02 04 01 00 05 03 03 04 01 02 02 04 03 03 03 03 02 05 02 03 02 02 02 03 03 01 01 04 01 03 04 02 03 03 00 00 03 03 02 04 01 01 04 02 04 03 02 02 02 02 01 03 00 03 02 03 05 04 03 04 
09 19 17 24 07 08 06 06 04 06 05 03 07 07 05 07 04 04 00 02 00 02 03 05 02 03 02 02 05 04 05 04 02 03 01 01 02 02 06 04 03 04 02 03 04 03 08 02 05 01 02 01 02 03 02 01 03 01 02 04 02 03 02 00 03 02 06 01 03 01 04 01 05 01 01 02 02 00 03 03 03 05 03 02 01 03 05 04 04 01 02 05 02 03 02 01 03 01 05 05 
07 06 15 11 19 16 04 14 03 02 05 02 01 04 02 04 02 03 00 03 02 02 01 03 02 01 02 03 06 04 00 02 02 04 02 04 04 03 03 04 04 04 03 03 01 01 04 03 04 03 04 01 04 05 04 02 03 02 03 02 01 05 01 01 06 08 05 03 07 04 01 02 05 05 01 00 03 03 02 04 02 01 03 02 06 03 05 05 02 07 06 02 02 06 06 04 04 03 03 01 
07 15 13 17 02 11 14 11 05 02 03 08 02 03 03 04 01 01 03 05 00 01 04 05 01 03 02 04 03 03 04 04 02 02 03 00 03 04 04 06 01 02 01 02 03 04 02 01 02 04 04 05 01 06 03 08 05 04 02 01 01 01 03 06 03 04 02 02 02 03 00 05 06 01 05 02 02 02 04 03 02 05 00 01 01 03 04 04 02 05 03 03 05 03 03 02 01 02 04 04 
12 21 17 08 13 12 05 12 06 04 06 06 01 02 05 02 02 04 03 04 01 01 03 03 02 03 00 01 04 03 03 04 04 01 04 03 03 04 04 04 00 02 04 01 03 01 03 04 01 03 03 03 02 01 03 04 03 02 04 00 03 02 00 01 05 01 02 04 01 05 03 04 04 02 00 04 02 02 05 04 03 07 00 01 03 02 01 05 05 05 03 00 00 05 04 02 03 02 02 05 
08 14 06 05 03 05 02 08 06 04 03 01 03 01 02 05 03 00 02 05 03 03 03 05 05 01 03 04 05 02 03 02 05 02 04 03 02 02 03 02 04 02 02 04 02 03 06 06 01 02 01 02 04 03 03 03 05 07 03 04 03 00 03 04 03 02 03 03 03 02 04 04 05 02 05 04 05 05 03 02 04 00 03 05 02 04 05 02 03 04 06 03 03 01 02 03 04 05 06 02 
10 09 02 04 07 10 17 07 06 04 03 03 04 03 04 02 03 02 02 03 03 03 04 06 01 04 03 04 00 01 04 02 03 02 02 04 04 03 07 04 02 05 02 02 02 03 03 06 00 01 04 02 02 03 01 03 04 04 05 01 03 02 02 03 02 04 05 04 04 04 00 02 04 05 02 04 03 04 05 04 02 03 03 02 03 01 02 03 00 04 03 00 03 04 02 04 02 03 02 02 
12 12 05 13 05 04 05 03 02 05 03 02 03 03 02 05 02 02 01 02 05 03 02 04 04 03 00 01 02 04 02 02 03 02 01 04 06 00 04 05 01 04 02 02 02 02 00 03 03 01 02 01 03 02 01 04 03 02 04 02 02 02 02 01 02 04 05 02 02 02 02 02 03 07 01 01 03 04 00 04 02 04 03 01 03 00 03 04 04 03 01 02 02 01 02 02 04 03 05 04 
14 13 17 21 08 04 06 21 15 02 06 05 01 02 02 01 07 02 01 03 02 02 02 02 02 02 01 05 06 06 02 02 06 04 04 03 02 04 01 04 01 04 02 05 01 03 04 05 04 04 02 01 01 01 04 02 01 04 02 02 01 03 03 03 03 04 02 07 02 02 03 01 03 02 05 02 02 04 04 04 01 02 02 02 05 03 03 03 01 05 05 05 02 02 04 04 02 04 03 03 
11 19 22 17 11 04 05 14 04 03 03 04 03 02 08 05 05 03 03 04 04 06 04 03 05 01 04 05 04 03 01 03 00 03 04 01 03 01 02 01 03 03 04 04 04 04 04 03 05 04 01 03 02 04 02 01 03 00 02 01 02 03 05 04 02 01 02 02 01 01 03 04 01 07 02 03 04 02 02 03 04 03 02 02 05 03 02 04 02 03 04 05 03 03 02 02 03 04 02 01 
12 17 16 17 13 11 04 11 11 10 02 04 03 03 04 03 04 01 02 02 02 02 03 04 02 03 03 01 03 05 06 07 06 10 03 05 04 01 01 05 03 04 03 06 01 02 05 03 02 05 06 03 03 01 04 01 02 04 07 05 03 01 04 02 01 02 04 00 04 03 02 04 03 02 01 05 02 02 03 04 01 02 05 03 05 02 04 03 02 04 01 02 01 00 02 03 05 02 02 02 
15 14 09 19 28 09 11 04 13 11 15 07 04 09 01 05 07 07 02 04 05 04 03 04 05 09 03 02 02 01 03 03 03 04 04 03 03 03 01 03 04 01 05 00 02 03 03 01 03 03 03 04 02 01 05 03 06 03 02 06 03 02 03 02 02 05 04 01 05 02 03 01 03 07 01 02 03 05 00 02 00 05 03 04 04 03 03 04 02 04 01 01 03 02 03 01 00 02 01 04 
07 04 05 22 10 02 04 04 03 01 03 02 00 01 03 01 05 01 02 03 03 05 01 02 05 03 02 00 05 02 02 03 05 03 05 03 02 04 05 02 01 02 03 03 02 02 02 01 01 04 04 04 04 03 02 04 03 03 04 00 02 01 03 03 02 02 05 02 02 01 02 01 07 03 04 04 02 00 03 01 03 02 03 01 03 01 04 06 03 06 03 02 02 03 03 02 05 02 06 05 
09 02 06 04 07 07 05 05 03 03 05 07 02 04 01 03 07 04 01 02 01 03 02 04 04 01 03 03 05 02 01 01 01 01 05 04 06 04 03 02 03 02 03 04 04 08 03 01 00 02 04 04 01 02 03 01 02 02 03 05 05 03 02 03 00 02 03 01 02 03 05 04 03 02 03 02 02 03 04 03 05 08 04 03 03 04 01 00 04 03 02 01 06 03 03 04 02 01 04 03 
21 19 10 06 15 05 05 05 06 03 03 03 03 01 04 03 03 02 02 03 01 04 02 01 06 06 02 04 05 03 02 02 03 00 03 07 04 02 03 03 03 02 06 07 01 01 04 03 04 03 02 03 03 06 03 05 04 03 04 02 03 06 01 05 02 03 02 02 05 03 03 04 03 04 03 03 05 02 05 00 03 00 03 01 03 02 03 04 01 04 03 05 04 02 00 00 03 03 03 02 
11 10 15 09 09 06 05 10 03 07 04 02 03 02 05 01 02 00 04 05 04 02 02 03 02 02 03 03 04 03 03 02 03 04 04 01 02 02 02 03 04 03 02 03 03 07 04 04 04 03 01 03 03 03 04 01 03 03 03 02 04 01 06 05 02 01 06 03 03 02 04 03 02 03 02 04 02 04 01 04 03 03 03 04 01 03 07 02 03 04 02 01 00 03 04 04 02 03 01 02 
12 06 14 06 05 03 16 08 03 05 02 05 03 02 03 01 06 04 03 04 01 03 04 04 04 02 05 02 01 02 01 03 04 03 03 03 04 01 04 03 05 01 01 02 04 04 05 01 02 03 01 02 04 04 03 05 00 06 04 02 03 03 05 03 02 03 05 03 04 03 03 02 03 00 02 05 02 02 06 03 08 03 02 03 01 01 05 05 04 03 03 06 05 05 04 02 03 02 03 02 
13 16 16 15 07 03 04 05 10 09 06 01 06 08 06 07 02 05 05 03 02 05 03 02 04 04 03 01 01 03 02 01 04 03 01 01 02 05 02 00 03 02 05 03 01 00 03 03 03 02 01 03 06 03 02 02 02 04 04 03 02 02 00 02 06 03 06 04 02 02 04 01 02 04 03 05 02 02 03 03 03 04 06 01 01 02 04 05 02 02 02 04 04 02 02 01 03 04 03 02 
12 16 09 05 08 04 05 03 04 03 02 03 03 06 04 03 00 02 06 05 04 02 02 04 02 02 03 01 02 03 03 03 02 03 02 05 03 03 02 02 02 04 03 02 07 07 02 04 04 01 03 09 05 01 01 02 06 04 03 04 05 03 07 03 03 03 02 01 03 03 07 00 02 02 04 04 03 05 03 02 04 06 04 08 07 03 03 01 02 02 03 02 05 02 03 06 05 03 01 05 
14 18 12 04 04 06 04 04 08 02 10 03 08 07 01 05 05 02 02 05 05 04 03 01 03 02 04 04 03 01 04 03 01 01 04 03 02 03 03 01 06 01 04 02 00 01 01 02 02 00 04 01 01 04 00 04 01 06 04 03 03 05 02 02 03 02 04 00 04 03 01 04 01 04 02 04 02 04 04 03 01 02 02 04 05 01 03 01 02 04 02 03 03 03 03 05 04 06 06 04 
20 18 10 07 15 04 04 07 07 10 01 01 03 02 03 06 06 03 04 04 01 02 05 02 02 02 04 07 03 06 04 01 04 04 02 02 03 02 05 01 04 03 04 03 03 03 02 05 03 03 01 02 02 02 01 00 02 02 01 03 02 03 04 03 02 04 06 04 01 04 01 03 03 05 04 09 02 04 03 04 02 06 05 02 02 06 03 02 01 01 03 04 05 02 01 01 04 03 03 03 
17 12 05 07 09 02 05 08 02 03 04 03 04 04 02 02 01 02 04 03 03 02 03 03 02 03 02 06 03 04 05 03 03 04 02 01 04 03 01 02 03 04 03 00 05 04 04 01 03 02 03 04 03 02 03 01 02 04 07 01 02 03 03 03 03 03 04 07 03 03 03 03 04 03 03 04 02 05 03 01 01 00 04 04 03 02 03 03 04 04 04 01 00 04 03 00 02 01 00 06 
13 16 25 27 08 07 09 03 02 02 05 02 04 03 01 02 02 03 02 05 02 03 02 02 05 02 03 07 06 01 03 02 02 03 00 04 03 03 01 06 03 03 03 01 05 03 04 03 03 02 02 07 01 02 04 01 02 03 01 05 03 03 01 01 03 05 03 02 03 04 02 03 00 02 01 05 05 00 01 02 03 01 02 03 03 02 03 01 05 01 02 03 03 06 05 03 01 03 03 05 
15 13 21 18 00 04 04 08 04 08 04 02 04 03 05 03 03 02 03 01 02 05 05 02 02 03 05 04 03 02 04 04 02 06 05 00 03 03 04 02 01 01 03 04 01 03 03 06 02 05 06 06 03 03 02 02 04 04 02 02 05 02 03 04 04 01 02 01 01 02 06 03 02 03 02 00 02 04 04 04 02 02 02 05 04 05 03 04 05 04 02 02 04 03 06 01 02 02 02 00 
12 13 10 08 13 08 04 08 05 10 04 01 04 01 07 02 06 02 04 00 04 02 05 00 03 02 01 02 01 02 00 07 01 04 02 03 04 05 01 05 01 04 02 02 05 04 00 03 06 07 04 03 05 05 03 02 01 00 01 02 02 02 02 01 04 02 03 05 02 02 02 03 03 00 02 03 03 03 06 04 02 04 02 02 04 00 05 02 04 05 01 03 00 03 01 04 03 03 04 07 
06 14 12 13 10 19 07 06 07 09 05 06 06 07 02 06 03 06 01 03 02 04 02 02 05 04 01 05 03 02 02 03 02 06 02 04 04 01 04 03 02 05 06 00 06 05 01 02 05 05 02 02 03 01 01 00 01 04 03 02 04 04 03 04 01 05 01 03 04 01 04 01 02 03 06 05 01 02 04 04 02 01 04 04 02 04 02 02 03 06 02 03 01 01 01 04 01 02 02 01 
09 08 03 08 11 14 09 04 02 05 04 01 02 01 01 03 06 04 03 01 05 05 02 02 01 04 04 04 08 01 03 02 01 06 01 03 01 03 05 02 06 03 02 00 04 02 02 02 01 04 01 04 04 01 02 01 03 05 02 03 02 05 03 03 06 02 04 02 06 04 02 00 01 02 02 01 04 02 04 02 04 01 01 01 02 04 04 03 05 04 02 03 00 04 01 03 03 03 03 05 
30 15 03 05 08 04 05 04 03 07 03 07 02 03 04 04 03 03 02 04 03 02 05 06 04 03 05 02 03 01 00 01 02 00 04 03 04 02 03 01 02 03 02 00 03 03 04 05 00 02 00 05 04 04 02 01 04 02 01 03 01 08 04 02 02 03 03 01 04 02 04 03 02 03 02 05 03 02 03 06 00 03 01 02 02 04 02 02 04 04 03 02 05 04 01 04 07 04 04 02 
10 26 17 11 09 08 16 24 06 01 04 04 04 07 03 02 04 02 01 02 02 00 01 02 04 04 04 02 02 04 04 02 02 01 03 05 06 01 03 02 03 01 01 04 02 05 02 02 05 02 01 03 03 01 05 03 03 01 02 02 02 03 03 03 03 02 02 04 06 03 02 06 03 01 01 02 02 03 02 02 04 06 03 02 04 03 02 02 02 05 06 04 03 03 03 05 02 03 03 01 
18 25 18 18 31 14 03 07 02 03 04 01 03 02 04 02 04 03 01 03 03 04 03 03 01 00 02 03 01 04 02 02 04 05 02 02 02 01 05 02 03 03 02 03 04 01 02 04 02 05 02 05 04 00 05 02 03 03 02 03 03 01 02 03 02 03 08 04 01 03 03 03 01 02 01 03 03 01 02 02 05 03 05 02 04 07 01 07 03 04 03 02 03 01 05 02 01 00 03 02 
12 10 13 26 11 08 08 03 04 05 05 07 02 03 02 01 01 03 02 03 01 02 05 04 01 03 02 03 03 04 02 04 05 05 06 05 05 01 00 02 04 05 05 03 03 00 02 00 02 04 03 03 02 02 01 04 04 04 02 02 01 05 05 02 01 06 02 03 04 06 04 01 00 03 03 04 04 03 01 02 02 00 03 03 01 01 03 03 01 00 05 02 02 03 06 03 00 03 00 06 
12 15 13 23 15 09 02 04 10 09 05 05 07 03 06 04 04 00 07 02 00 03 01 03 02 01 02 06 04 02 04 04 02 02 01 00 01 01 05 02 02 05 03 03 03 03 02 02 03 04 01 00 03 02 03 01 04 03 01 02 03 02 06 01 04 02 04 04 06 04 01 04 02 03 03 06 01 05 05 02 02 03 04 02 03 02 04 01 03 03 03 04 03 02 02 04 04 03 02 03 
21 10 03 07 04 06 07 07 03 06 05 01 03 02 04 03 03 06 03 02 05 03 02 06 04 03 03 01 03 04 00 02 03 02 00 03 05 02 04 00 04 02 02 02 01 05 06 06 02 03 02 03 04 04 02 04 03 02 02 03 01 05 02 02 01 01 06 02 04 03 04 04 03 03 06 05 01 08 04 01 01 02 01 02 01 05 02 01 05 02 02 02 07 05 03 04 03 02 04 01 
05 03 00 08 02 09 04 03 05 03 07 03 05 01 01 04 04 01 04 03 01 04 03 04 04 04 01 01 01 01 02 04 02 00 02 01 06 03 04 01 04 01 03 02 05 06 01 01 04 03 04 02 05 03 03 02 01 02 05 02 02 05 01 02 02 02 03 03 02 03 01 03 04 07 02 06 01 01 01 01 02 03 00 05 06 06 02 02 00 02 03 03 03 02 02 04 03 02 06 01 
08 32 14 12 05 04 02 03 02 01 01 05 03 02 05 06 00 02 00 03 03 04 01 05 02 01 04 02 04 03 04 03 02 01 04 03 04 03 01 02 07 02 02 02 07 02 01 03 03 00 03 05 02 00 02 03 02 02 03 03 02 02 03 05 04 00 06 03 02 03 01 03 03 03 03 01 05 03 03 04 05 02 03 03 00 04 02 02 00 02 04 03 02 02 02 01 01 05 02 08 
11 16 05 06 06 05 05 07 05 05 02 02 03 01 03 02 01 06 02 01 02 03 05 03 01 03 04 03 02 02 01 01 03 01 02 02 02 01 04 05 03 05 03 02 02 03 00 02 03 02 02 02 03 03 01 03 04 03 01 04 03 03 05 04 02 03 03 03 01 05 05 04 02 03 02 01 04 03 02 03 03 02 04 02 01 01 02 01 02 03 05 01 05 01 04 05 01 05 03 03 
18 17 25 28 10 08 04 13 07 10 09 05 05 02 02 01 02 01 06 04 04 01 01 05 03 02 04 05 01 05 11 06 09 08 07 03 06 07 02 04 03 04 01 04 01 03 03 01 00 03 02 07 00 03 02 07 02 03 00 04 04 03 01 02 04 04 01 02 03 04 01 02 02 04 01 03 01 01 03 06 03 03 01 03 03 02 03 01 04 02 03 03 02 04 03 03 03 02 03 02 
05 33 19 05 07 12 09 08 03 05 01 03 03 04 03 03 02 04 02 06 02 03 02 03 03 04 04 02 01 02 05 04 02 02 06 02 01 03 01 02 02 02 03 01 03 06 02 06 03 01 05 03 02 03 05 03 01 06 01 01 02 02 02 02 04 02 04 02 04 03 01 02 04 01 01 03 03 03 03 01 01 02 03 00 01 01 02 01 01 00 02 05 01 05 00 03 05 00 04 02 
07 14 01 03 03 05 05 05 01 02 02 03 01 01 03 03 01 04 01 03 03 02 01 03 03 04 03 05 01 02 01 04 03 01 04 01 03 04 03 00 03 02 03 04 04 02 05 01 00 03 04 03 06 04 01 04 04 02 01 00 07 02 00 03 03 04 03 03 03 02 02 02 02 01 01 05 02 03 03 02 03 03 01 01 03 02 04 01 03 04 01 04 01 03 03 02 03 03 03 02 
12 16 07 14 07 11 15 11 04 02 06 05 02 05 04 04 04 00 03 04 03 03 03 01 02 01 02 02 01 02 02 02 02 02 04 04 04 03 01 02 02 03 05 02 02 03 02 03 04 05 06 00 02 03 01 04 04 05 01 02 01 04 04 04 05 03 02 03 03 05 01 01 01 05 03 01 02 04 05 03 04 02 04 02 04 01 01 01 01 04 03 01 02 02 04 02 01 06 04 02 
14 17 25 19 10 06 05 06 03 05 03 03 06 02 02 04 04 02 04 02 03 03 07 02 05 05 05 02 02 04 04 04 03 01 03 05 01 00 02 05 02 01 04 06 05 05 02 05 02 02 03 01 04 03 02 03 01 02 05 01 01 01 03 02 04 03 03 01 04 01 02 03 02 04 03 04 01 03 03 02 00 03 03 04 02 05 02 05 02 03 04 03 03 03 03 02 01 06 02 02 
08 11 28 02 04 04 04 11 03 05 04 05 08 03 03 02 02 05 04 03 05 02 03 04 04 04 02 02 04 00 00 02 03 01 02 01 01 01 03 04 01 01 02 03 02 01 03 04 04 03 02 01 02 01 01 01 01 04 04 03 02 03 03 03 02 01 02 02 04 03 05 01 02 03 03 05 04 03 01 00 03 02 01 03 02 01 02 02 03 00 07 00 03 04 03 02 04 02 05 03 
02 21 16 06 03 06 08 03 03 03 05 05 04 03 01 04 03 03 01 02 03 04 01 05 05 00 03 05 02 04 03 02 04 04 01 02 04 03 01 03 01 01 04 03 04 04 02 04 02 03 01 05 08 04 01 03 01 02 02 05 02 01 04 02 02 02 01 03 03 01 03 02 02 03 02 02 04 01 03 05 02 04 03 03 04 03 03 02 04 01 03 04 02 02 03 03 02 02 01 04 
22 07 11 21 11 16 03 04 05 05 02 05 02 02 03 03 05 03 03 03 03 03 02 05 01 01 05 04 02 03 04 04 03 06 03 06 03 02 02 02 00 02 03 04 02 05 02 04 04 04 02 01 06 00 04 02 03 01 03 03 01 01 00 01 04 05 04 04 03 02 02 03 02 02 03 04 04 05 02 01 02 05 01 01 02 02 03 05 00 01 03 02 00 03 05 04 04 02 01 00 
03 15 26 23 09 10 11 29 25 08 03 02 04 04 03 04 04 06 02 02 02 05 05 03 03 06 05 01 05 01 03 05 04 02 05 04 02 01 03 01 01 03 03 01 04 02 04 01 05 04 02 03 03 03 06 03 05 02 01 02 03 02 04 02 02 02 01 04 00 01 05 02 05 06 03 03 03 03 01 02 03 02 02 04 02 02 02 03 03 01 00 02 03 03 05 04 03 05 02 01 
19 24 15 11 07 04 07 04 05 04 01 01 02 03 03 03 04 01 03 04 01 00 02 03 03 03 05 02 05 02 03 02 02 03 02 03 05 06 05 04 02 04 04 02 03 03 02 03 00 05 00 00 04 03 00 01 00 01 04 04 01 01 04 06 04 02 03 02 03 02 03 00 09 02 01 03 03 03 04 02 04 04 01 01 04 02 07 03 04 03 04 02 01 03 03 04 04 00 03 02 
12 04 18 43 12 22 34 05 05 07 06 04 07 01 03 06 03 03 02 04 04 02 03 03 02 03 03 03 03 04 03 00 04 01 04 02 04 03 06 04 03 05 04 01 02 03 02 04 02 04 03 03 03 00 04 02 03 03 02 00 03 02 02 04 02 02 00 07 01 03 05 03 05 03 07 04 02 04 03 03 04 02 01 02 02 02 05 02 02 03 04 02 00 03 02 02 03 02 03 03 
25 35 24 14 04 19 26 03 07 07 08 04 02 02 01 03 01 03 05 01 04 04 03 03 05 06 06 03 02 03 03 04 02 01 05 02 03 04 02 00 04 03 05 02 04 04 01 04 02 01 02 03 01 02 02 03 03 03 01 02 02 03 01 03 00 05 02 02 05 00 06 01 02 04 03 01 04 04 03 01 02 00 02 04 04 06 01 01 05 05 03 03 01 04 02 03 01 02 04 02 
09 14 10 13 10 07 13 04 06 01 01 02 03 01 06 03 03 02 03 04 03 03 04 00 03 01 04 02 06 01 02 04 04 02 02 04 05 03 01 03 02 02 05 03 02 04 01 02 04 03 05 03 01 04 00 05 02 01 03 05 03 03 03 04 03 02 03 01 01 01 03 08 06 05 03 02 02 02 04 03 04 06 02 05 02 03 03 03 04 04 00 00 02 02 03 01 03 01 06 04 
08 07 32 13 06 05 04 07 02 13 03 04 02 01 01 03 03 05 04 05 05 02 03 02 01 02 07 03 03 05 02 04 06 03 04 01 00 03 01 03 04 07 04 02 02 03 01 04 07 05 05 03 01 04 02 01 00 04 02 02 01 02 02 06 02 01 01 06 01 05 02 05 03 04 05 02 05 04 05 02 01 02 05 05 08 03 01 00 04 07 04 04 03 05 03 03 05 06 04 07 
05 14 15 04 06 09 02 03 01 02 02 04 04 02 03 02 04 03 02 03 03 02 04 03 04 03 06 02 03 03 03 03 04 05 03 01 04 03 03 03 02 03 01 03 03 03 03 03 01 06 02 01 02 05 02 02 02 05 05 02 01 04 01 04 04 03 02 04 02 03 02 04 02 03 03 03 02 02 03 04 02 01 03 02 01 02 03 03 02 02 07 01 05 02 01 05 03 01 04 05 
17 18 12 03 06 14 10 05 08 04 02 07 04 05 06 05 02 03 00 04 03 01 02 04 02 02 04 02 06 03 01 04 01 02 05 02 06 04 01 05 03 02 03 02 03 04 01 03 04 01 05 03 03 04 01 03 04 06 01 03 03 05 04 05 03 03 03 02 01 05 04 02 03 00 00 02 01 04 02 03 04 01 02 02 03 04 04 03 06 01 02 03 04 02 07 02 02 03 02 02 
11 10 09 05 16 08 07 04 06 06 02 00 05 03 03 05 01 02 00 04 03 02 02 03 04 01 02 01 03 03 04 05 06 05 03 03 03 02 03 03 01 05 02 03 03 05 03 04 04 03 01 03 03 04 04 05 02 03 01 00 06 01 01 02 04 03 02 01 02 01 03 01 01 04 03 02 02 03 01 01 04 03 03 02 04 03 04 03 03 02 00 06 03 03 05 04 05 04 03 01 
12 16 17 16 19 23 33 12 13 17 27 07 06 04 03 04 04 05 01 00 06 02 06 04 05 02 02 04 03 03 02 07 02 04 06 04 04 02 03 05 03 03 01 00 01 05 01 02 03 03 05 03 03 02 05 01 04 02 02 04 05 04 04 04 05 01 05 05 04 02 03 03 03 03 04 06 04 03 04 05 05 05 02 02 03 07 06 01 03 03 03 01 03 02 04 03 03 01 04 04 
13 14 22 28 17 14 11 13 13 09 04 05 06 05 02 02 06 03 03 03 05 00 03 00 03 04 03 01 02 01 05 04 01 02 02 02 02 02 04 02 03 04 02 03 06 02 02 03 05 01 03 03 02 04 03 03 01 04 02 05 02 05 03 04 01 03 04 00 02 04 01 02 02 03 02 02 02 05 05 01 01 03 04 01 02 02 03 03 04 01 04 00 02 05 02 03 00 01 04 05 
07 17 24 20 25 33 19 06 16 05 03 10 19 04 08 13 05 08 05 16 04 11 08 07 13 07 05 06 06 01 04 04 03 02 02 02 04 02 04 03 03 03 03 07 04 03 05 06 00 06 03 02 02 04 02 03 03 03 03 02 03 03 03 01 01 03 01 01 02 05 02 06 02 03 01 02 03 00 02 03 01 02 01 03 04 04 06 02 03 05 04 03 02 03 06 00 01 03 03 02 
15 26 16 07 13 08 10 07 02 08 04 02 09 04 02 03 02 02 03 03 04 03 01 02 01 05 03 01 01 01 00 01 05 03 03 01 01 04 02 03 04 02 05 03 03 02 01 01 02 04 05 03 02 02 02 03 06 07 02 02 06 02 06 04 01 04 03 06 03 02 01 04 00 05 01 03 04 01 03 03 07 03 05 03 01 04 02 00 05 02 01 03 02 03 03 02 03 04 01 01 
20 12 14 08 03 10 02 05 03 03 03 01 05 04 02 02 01 04 01 01 03 04 04 02 02 01 05 02 04 03 05 03 02 01 03 02 02 04 03 04 02 02 04 02 02 05 03 05 03 02 05 02 02 01 03 06 03 02 04 01 04 01 04 04 02 03 05 05 02 03 06 01 00 02 01 03 02 02 04 02 05 06 03 02 03 01 03 03 04 04 02 03 02 04 03 01 02 04 03 02 
06 12 09 07 06 06 08 03 05 05 05 01 04 01 03 00 00 02 02 04 00 02 05 03 01 03 02 03 03 01 02 03 02 05 01 00 02 04 04 03 01 04 02 04 03 03 01 01 00 01 01 05 02 02 03 05 02 01 04 03 01 01 04 04 00 05 02 02 02 01 03 04 05 00 02 04 03 02 03 03 01 03 02 03 02 00 02 02 03 03 01 05 02 03 01 03 04 02 04 04 
21 19 16 04 09 12 08 05 01 05 04 05 01 04 03 01 04 00 01 01 03 03 03 02 02 03 02 01 02 03 05 05 06 03 03 01 03 03 02 02 05 03 03 03 04 04 02 02 02 01 03 03 03 04 00 02 03 03 03 08 04 01 03 05 00 02 04 03 03 03 01 03 00 03 02 04 04 04 01 03 00 02 02 04 03 02 04 06 02 01 02 02 04 01 03 00 02 01 01 01 
06 21 20 17 22 06 07 03 04 10 04 02 03 02 01 02 01 04 06 05 01 02 04 02 06 06 07 03 02 00 03 03 02 03 03 01 04 03 04 01 02 03 03 01 04 04 04 03 03 03 02 05 04 02 01 02 03 04 02 03 03 04 05 04 04 06 02 02 05 03 01 02 03 04 04 04 02 04 04 01 03 02 02 04 03 05 01 01 03 00 02 05 05 03 02 01 02 04 03 03 
07 18 19 16 17 26 09 05 10 03 03 04 01 01 05 03 03 02 05 05 02 03 02 05 06 01 03 05 02 02 04 03 02 01 03 04 03 02 05 01 04 03 02 03 05 06 03 03 03 06 01 06 04 04 03 05 02 02 06 05 01 03 00 02 04 03 02 01 05 03 00 01 06 03 01 00 02 00 05 02 04 01 02 03 03 03 04 01 03 03 03 02 03 04 03 03 05 04 01 03 
11 21 33 30 10 07 07 02 04 07 03 04 03 04 05 02 04 01 04 05 02 06 01 03 01 00 01 04 04 03 01 03 03 03 02 05 03 04 03 01 01 02 03 05 03 05 03 04 03 03 02 02 05 07 04 02 03 04 02 06 03 07 03 05 05 03 03 04 04 04 01 04 01 02 03 02 06 00 04 03 03 03 02 05 01 05 02 03 04 03 00 03 01 03 05 04 04 04 02 04 
17 15 06 10 13 15 13 02 01 07 02 04 06 04 05 04 02 04 02 02 04 03 01 04 02 01 03 02 03 03 01 03 03 06 02 06 05 01 04 06 06 02 05 05 05 02 03 02 04 01 03 02 06 01 05 04 04 02 02 03 03 01 01 01 05 02 02 01 01 03 01 01 02 01 03 02 02 03 02 03 04 04 05 03 02 05 05 00 04 01 02 02 02 04 03 04 02 02 05 01 
10 08 15 29 24 07 04 04 06 09 08 05 04 02 03 02 03 02 01 04 04 03 02 04 01 04 05 05 03 04 02 03 03 01 05 04 05 04 00 02 03 02 01 02 02 03 03 04 04 02 04 03 02 01 02 04 05 07 01 02 02 01 03 02 02 03 06 02 04 01 04 02 05 02 04 01 05 03 02 04 02 04 05 01 04 01 02 03 02 05 04 01 02 01 00 04 01 01 01 02 
12 03 04 28 30 11 01 03 04 05 03 10 03 06 04 02 05 02 04 03 05 01 05 02 02 07 03 04 03 03 01 02 03 03 02 04 05 02 04 03 02 03 03 02 02 04 01 03 00 02 03 05 00 03 03 03 03 02 03 06 03 02 01 03 04 03 02 04 03 05 05 00 02 02 02 01 02 04 04 04 02 06 06 06 05 02 02 03 01 02 01 06 04 02 03 02 01 04 02 03 
19 25 09 05 08 04 04 05 03 06 05 05 03 03 08 01 04 03 02 07 04 02 03 02 05 02 00 02 00 01 06 03 03 03 03 02 03 00 06 04 03 04 03 02 02 03 03 00 03 01 04 06 04 03 05 03 04 03 05 04 03 01 02 01 02 02 02 05 02 04 03 03 03 04 03 02 02 02 03 02 03 04 02 03 04 02 06 03 03 06 03 01 05 02 03 02 05 05 04 03 
28 25 13 08 09 05 06 05 05 03 02 01 01 05 04 03 04 04 05 04 05 05 09 06 05 02 03 02 02 04 04 02 01 03 03 01 03 00 03 02 03 05 03 01 02 03 00 01 04 05 04 04 03 05 02 03 01 03 03 04 02 04 04 01 01 04 04 04 03 03 05 04 04 03 05 03 02 00 06 03 02 04 05 01 02 03 04 00 03 06 02 02 05 05 03 01 05 02 04 05 
17 04 02 03 03 06 05 03 05 01 02 03 04 03 02 04 03 03 02 03 04 00 06 01 00 01 04 02 04 02 01 04 05 03 03 04 03 05 02 03 04 04 05 04 01 01 01 04 00 03 04 02 03 02 06 00 03 02 04 02 05 03 04 02 05 03 04 03 06 06 02 02 03 03 00 05 05 03 01 04 05 03 02 04 01 05 04 01 05 01 02 07 03 03 02 05 02 02 06 01 
11 04 01 04 07 06 04 03 07 04 09 04 06 03 03 08 03 04 03 01 02 02 01 02 04 03 02 03 01 04 01 06 01 01 03 03 00 02 03 02 03 03 04 03 01 04 02 03 01 03 04 02 04 03 01 05 05 02 05 02 01 04 04 05 02 04 03 03 01 00 06 01 03 07 06 03 05 00 05 04 00 02 02 02 02 02 04 02 02 03 02 03 05 02 05 01 03 02 01 06 
11 37 16 08 08 06 03 01 07 12 10 13 01 03 02 06 05 02 01 02 03 00 05 02 03 02 04 03 02 01 04 02 03 03 03 01 03 05 04 05 02 05 06 03 02 04 03 04 03 06 01 03 03 03 04 03 03 03 04 03 02 04 04 05 01 02 01 01 07 02 02 04 02 05 04 03 03 04 03 02 04 03 03 02 01 07 01 06 03 05 02 04 04 02 00 03 02 06 03 04 
08 09 08 15 04 07 10 16 07 05 04 03 06 02 02 03 01 02 05 03 03 05 05 06 01 02 03 04 02 04 00 02 02 02 01 06 02 03 04 05 01 01 04 06 05 04 01 02 06 02 02 04 02 06 05 05 04 02 02 02 00 01 01 04 02 02 05 04 03 04 02 01 05 00 03 03 03 02 05 03 02 00 02 02 03 03 04 02 03 05 02 00 03 01 03 04 05 00 03 03 
21 15 04 01 04 07 04 06 09 08 01 07 01 03 02 02 06 05 05 02 05 01 05 02 02 02 05 03 02 02 04 03 03 01 03 04 03 03 01 02 02 05 01 04 05 03 06 02 02 03 05 01 03 05 05 05 02 03 00 05 01 07 02 03 03 05 04 07 00 00 01 04 05 02 04 01 04 02 04 03 03 03 02 02 03 04 01 02 00 03 05 05 04 04 03 01 00 03 01 04 
16 37 24 06 32 06 02 01 04 15 03 04 01 02 05 01 03 02 03 02 05 02 05 02 03 03 05 04 01 06 03 03 00 03 03 03 05 04 04 02 02 05 02 04 01 01 00 02 03 00 03 04 03 03 02 02 05 05 04 02 04 04 03 04 04 02 02 01 04 05 04 02 03 02 04 02 02 01 02 05 08 02 02 05 03 00 02 03 03 03 02 02 01 03 01 02 00 02 05 03 
18 16 11 02 05 05 01 02 04 03 04 02 03 05 03 02 02 06 04 03 04 04 04 03 02 01 07 02 02 03 03 01 03 02 02 03 02 04 03 04 02 02 03 04 04 01 05 04 01 02 03 04 04 02 01 04 03 04 02 02 02 01 00 07 06 03 03 02 03 01 06 02 03 00 02 02 02 01 04 05 02 02 02 03 02 04 08 05 02 03 04 05 04 04 02 02 05 00 04 04 
06 21 15 07 06 12 10 05 09 04 03 06 07 06 02 07 06 01 03 05 00 01 05 02 04 02 02 01 04 02 04 04 02 03 04 03 03 02 05 01 02 03 07 04 01 01 02 04 05 02 02 03 01 01 02 05 00 02 04 05 01 00 03 06 02 03 03 03 01 03 06 05 03 05 03 03 08 02 04 05 03 02 04 03 05 01 02 03 05 01 03 00 04 03 02 02 03 02 03 04 
14 26 03 13 30 12 02 12 28 06 02 04 02 01 04 04 02 02 03 03 03 01 02 02 02 00 02 03 04 01 03 05 03 04 03 04 04 01 03 03 03 03 04 05 02 01 04 02 03 02 04 03 03 03 04 02 04 01 03 00 02 00 01 03 01 12 03 04 06 02 04 03 02 02 02 01 03 02 00 04 02 04 03 03 01 03 03 06 03 02 03 02 01 03 03 03 03 05 04 03 
04 24 15 09 09 06 05 04 05 08 04 03 01 02 03 02 05 01 03 02 03 02 03 03 02 03 06 02 03 04 02 01 05 02 01 02 02 02 03 04 01 03 02 02 03 00 06 05 04 03 06 02 01 03 04 03 02 02 06 02 05 03 01 01 00 05 02 03 03 04 04 03 01 04 06 03 00 01 01 04 03 04 02 04 00 04 04 01 01 01 01 04 04 05 03 04 02 05 01 05 
18 15 26 25 22 17 13 13 18 06 13 06 05 05 08 05 03 06 13 02 06 06 02 03 04 03 01 01 03 01 01 00 03 03 06 03 03 03 03 01 03 02 05 04 03 03 02 04 02 02 03 03 02 03 03 05 03 03 04 05 01 05 01 03 01 03 02 02 03 02 03 02 04 01 03 02 06 01 03 01 04 02 04 02 02 04 05 03 02 05 06 03 02 03 00 04 01 03 04 03 
07 19 12 08 02 06 03 02 02 04 02 02 05 04 01 05 03 02 02 03 03 02 03 02 02 06 04 01 04 01 04 03 02 04 03 01 05 02 03 00 03 03 01 01 04 03 03 04 04 01 06 04 06 02 03 03 03 07 02 05 02 01 00 07 04 04 05 06 02 01 03 05 04 05 02 03 05 02 03 06 01 02 02 03 02 03 02 02 01 01 02 01 06 05 03 02 04 03 03 05 
17 20 04 17 24 22 33 19 31 12 02 01 07 02 02 02 01 01 05 02 04 03 02 04 05 01 03 04 05 02 03 04 07 07 05 08 06 07 08 06 06 05 08 04 04 02 07 03 05 01 04 05 05 03 03 02 05 02 05 04 03 05 04 03 07 02 04 01 04 02 06 03 03 02 04 04 04 04 04 03 02 02 01 05 02 01 05 04 04 03 04 03 01 02 04 03 03 03 03 05 
07 24 11 08 04 09 07 01 01 03 05 05 03 05 03 02 04 01 02 04 01 06 02 02 02 02 02 03 03 00 02 04 06 04 03 02 01 01 01 04 01 02 03 01 05 05 02 03 01 03 04 04 02 00 04 03 03 03 04 00 02 01 03 02 04 01 06 02 04 04 02 05 03 01 03 02 03 00 02 01 00 01 03 05 02 03 03 02 02 05 01 04 03 04 03 02 04 02 04 01 
08 33 19 06 10 05 05 04 08 08 03 03 05 03 01 02 05 04 01 06 02 01 03 03 02 03 06 02 00 03 05 05 00 02 07 06 09 03 12 09 08 07 04 05 01 02 03 05 01 06 02 06 05 01 02 03 02 06 03 01 02 00 04 06 04 03 04 05 03 05 02 03 01 04 03 02 02 00 01 02 05 01 02 04 03 01 03 03 02 06 01 05 01 02 01 03 03 02 03 02 
11 11 22 28 13 06 13 10 03 11 02 04 04 02 03 04 04 01 01 04 03 02 05 05 03 05 05 05 02 07 01 05 03 02 03 01 03 02 02 06 03 03 02 05 02 01 02 00 04 02 05 02 06 01 04 03 02 05 02 01 01 03 02 02 01 03 02 02 01 02 05 03 05 04 05 04 00 03 05 03 05 05 04 03 03 04 02 04 01 03 00 04 02 02 02 02 05 01 04 05 
11 03 17 15 05 13 13 14 18 18 15 14 34 16 15 09 06 02 04 05 04 03 02 04 02 02 05 02 15 03 01 02 02 03 03 07 02 02 04 03 05 02 05 03 05 05 02 03 04 11 02 03 04 03 04 07 03 03 01 04 02 02 05 02 02 03 04 05 03 01 03 05 05 04 03 02 05 04 01 07 03 03 02 05 00 04 02 03 00 04 04 05 03 03 04 06 02 00 03 01 
11 12 16 14 17 08 22 12 07 07 05 12 05 09 07 03 04 02 03 03 00 02 04 02 08 00 02 01 03 03 02 04 02 01 04 02 04 03 06 03 01 02 03 02 02 02 04 03 02 08 03 02 03 01 03 01 06 02 04 05 03 04 01 04 01 00 04 03 03 02 04 02 00 03 07 02 05 03 02 02 04 03 03 00 01 04 02 00 03 01 06 03 04 02 02 03 02 01 04 05 
11 04 10 04 04 12 04 07 06 02 03 05 03 03 01 03 04 01 04 04 03 01 03 03 01 02 01 05 03 03 04 03 04 04 03 07 05 01 04 05 04 01 02 01 08 01 01 04 04 01 03 02 01 06 01 04 03 01 01 00 01 00 02 03 02 03 04 03 02 03 04 03 01 04 05 03 02 04 04 02 03 01 02 03 01 02 02 05 04 02 02 05 04 02 02 02 05 06 01 03 
12 22 38 21 28 01 04 08 07 12 03 10 10 09 20 19 03 04 05 10 04 02 04 02 03 04 05 01 01 03 04 01 03 03 06 02 03 03 01 06 05 02 04 03 03 03 02 04 01 00 01 01 01 02 04 03 02 05 02 05 06 03 00 01 05 05 03 03 03 01 01 00 06 01 02 02 01 01 03 02 02 03 04 02 02 03 02 01 04 04 02 02 02 05 02 02 06 05 01 03 
13 13 09 29 03 02 01 05 07 05 03 06 05 01 04 03 01 03 01 05 04 06 02 04 04 04 04 00 04 03 00 02 04 04 05 02 02 03 02 03 02 04 01 04 05 02 05 01 03 04 03 01 02 06 05 04 05 02 01 02 03 03 04 02 01 03 04 01 03 02 05 02 02 03 01 02 02 03 03 02 02 03 01 04 03 03 00 05 02 02 02 04 04 05 02 03 03 02 03 00 
08 13 11 10 06 07 05 07 06 06 09 02 05 03 03 06 03 02 04 02 02 02 02 00 05 05 02 02 02 00 03 04 02 03 02 03 01 05 02 02 06 07 02 00 04 00 01 04 03 01 03 02 01 04 01 05 02 04 05 03 03 04 03 03 02 06 03 03 03 03 05 03 03 00 02 03 01 04 03 03 02 04 00 04 01 03 01 02 03 04 02 04 01 05 03 02 03 03 01 01 
09 14 07 20 21 12 03 05 07 09 19 13 06 10 04 05 04 04 04 02 01 03 04 03 02 03 03 05 01 01 04 03 03 02 06 04 01 04 02 03 04 02 02 04 03 04 03 01 02 01 03 02 05 00 04 02 03 02 03 01 03 01 01 03 03 05 05 02 00 05 03 07 04 01 03 03 05 04 03 03 03 03 04 02 02 02 01 02 05 06 04 03 02 06 03 03 03 02 03 03 
10 07 25 12 17 07 04 04 06 04 09 05 02 01 02 02 02 02 04 03 01 04 07 01 03 03 02 04 03 02 01 02 03 03 03 02 01 01 03 05 02 03 04 00 03 04 01 02 00 02 02 03 01 03 02 01 06 02 03 01 01 08 02 02 05 02 02 00 04 03 03 01 01 02 03 04 02 05 02 04 03 04 03 03 03 04 01 03 00 04 01 04 03 01 01 03 03 04 02 00 
09 18 08 19 16 14 16 10 22 22 18 21 19 15 14 18 10 09 05 08 07 06 02 08 03 03 05 02 03 07 05 04 01 01 01 01 02 05 02 03 05 03 02 08 02 02 04 00 02 03 07 01 06 03 06 03 01 03 03 02 02 01 05 01 04 02 01 02 04 04 04 04 02 03 01 04 03 04 03 03 03 01 06 09 08 08 05 03 05 05 03 00 00 02 01 04 04 02 00 03 
17 15 10 07 07 02 20 18 04 08 10 10 05 06 06 06 06 04 03 05 03 03 04 05 02 02 01 02 04 02 01 00 04 01 03 03 02 01 03 04 01 03 02 03 05 01 05 03 02 03 04 03 04 02 03 01 05 02 02 01 05 01 07 06 05 03 03 03 02 02 05 02 02 02 03 00 05 01 01 04 02 02 03 02 04 06 05 04 03 00 02 03 02 04 03 03 04 05 00 03 
09 10 05 03 06 06 02 05 04 05 03 10 08 04 01 02 00 04 03 04 02 02 06 02 04 06 06 02 05 03 02 02 02 02 06 00 03 02 01 04 02 03 03 05 03 03 02 05 02 03 04 04 02 03 05 03 03 03 05 09 01 03 04 04 02 05 01 02 03 04 05 02 04 05 05 03 05 03 00 01 02 03 06 05 05 03 03 01 02 00 02 04 06 02 01 03 01 02 02 08 
10 06 04 03 04 04 03 02 03 03 09 01 00 00 03 04 02 01 01 00 04 05 04 03 00 04 05 02 02 03 03 01 04 02 01 06 05 01 01 04 03 03 03 02 03 03 02 05 03 02 03 00 02 03 02 03 02 02 01 02 03 06 01 01 03 03 04 02 03 02 01 02 03 03 06 07 03 03 01 03 05 01 02 03 01 03 02 01 05 03 06 02 02 04 06 03 02 02 03 05 
