03 08 05 06 03 05 04 03 02 02 01 02 02 02 02 04 04 03 03 02 01 02 04 00 03 03 06 04 02 02 03 02 03 04 01 05 03 00 03 02 00 02 04 03 01 02 04 05 06 02 02 02 02 01 02 02 03 12 03 05 03 03 01 05 03 05 01 03 06 04 03 03 06 03 02 02 04 03 04 02 03 06 03 02 01 03 03 04 05 03 01 04 03 02 05 04 04 03 03 04 
03 11 02 00 02 04 02 01 04 02 04 03 03 05 04 04 01 03 02 02 01 08 04 02 02 02 03 00 01 02 03 01 02 02 04 05 01 04 04 03 03 04 04 04 05 02 04 02 01 03 05 01 03 02 04 05 05 05 06 06 00 02 00 05 03 01 02 00 02 06 03 03 01 01 04 03 03 01 03 02 01 02 07 01 04 03 07 01 08 01 03 00 03 02 01 02 01 01 04 01 
17 04 03 00 01 03 02 03 10 04 01 03 02 02 07 00 02 00 00 02 03 04 02 02 01 02 03 02 02 05 01 03 02 04 03 02 03 01 01 00 06 03 04 05 02 03 03 02 00 02 02 03 02 08 02 04 02 02 03 04 02 02 03 04 06 03 03 03 01 04 04 02 01 02 06 03 03 06 01 06 02 01 04 03 04 03 03 04 02 06 02 01 02 03 03 02 04 03 03 02 
37 03 08 11 07 08 11 01 01 06 04 01 03 01 00 00 04 03 05 05 01 06 01 02 02 02 02 00 03 03 02 05 02 04 00 05 06 05 01 03 03 04 02 01 04 02 03 04 01 03 02 01 03 05 02 02 02 01 00 04 04 00 04 05 01 02 01 02 06 09 01 01 01 02 04 08 02 02 02 02 00 08 04 01 01 02 02 03 04 03 03 02 01 02 01 04 06 01 01 04 
07 04 02 08 00 06 00 08 11 01 05 01 01 00 04 15 05 06 02 02 04 01 01 00 03 03 01 02 01 01 03 03 03 03 04 02 03 01 05 02 03 02 02 04 05 00 03 03 04 02 01 00 07 05 03 03 01 02 02 04 01 02 05 01 00 05 01 00 03 02 01 06 01 05 04 03 03 00 03 02 04 00 07 01 05 04 02 04 03 04 03 02 00 02 04 01 01 02 02 04 
13 06 02 01 04 06 06 04 03 03 00 03 02 02 06 00 02 06 04 03 04 02 03 03 00 02 01 04 03 03 04 02 04 01 00 05 04 03 05 00 03 04 04 02 02 03 06 01 06 02 03 01 01 05 02 06 05 05 05 02 02 00 03 03 04 04 03 02 03 02 03 01 03 03 05 03 04 02 04 02 03 03 03 03 02 04 01 03 06 03 02 04 02 03 03 06 04 02 04 02 
13 08 01 04 01 03 06 05 05 05 03 03 07 03 02 03 02 06 03 02 04 04 00 03 03 02 01 06 03 06 04 00 02 01 01 02 04 00 02 05 01 02 04 02 02 04 03 04 04 02 00 03 01 01 01 05 05 01 03 05 03 03 03 02 06 12 03 02 05 02 05 03 02 01 03 03 04 02 01 02 01 00 04 01 00 04 01 01 04 07 03 02 02 01 03 02 01 02 02 02 
07 05 02 09 10 05 02 02 06 03 00 03 06 02 09 03 03 05 02 03 00 03 03 03 04 00 07 00 01 03 03 07 01 05 04 02 04 01 00 02 04 03 03 01 04 02 04 02 03 06 03 03 03 01 02 04 01 04 01 06 02 03 03 03 03 04 01 04 03 05 02 01 03 01 05 01 01 04 05 01 03 01 07 00 01 03 02 03 01 04 07 04 03 02 05 02 03 07 03 04 
11 03 08 27 02 04 05 11 06 09 07 04 02 04 03 05 03 01 04 03 05 04 01 04 03 02 07 04 04 03 01 06 03 03 03 03 04 01 02 01 03 03 06 02 09 02 04 03 04 03 06 07 05 00 05 03 04 03 03 02 02 08 06 03 01 03 02 03 05 04 02 04 02 01 05 04 01 03 04 02 02 03 05 02 02 05 07 02 02 02 06 03 07 02 02 03 02 04 02 03 
27 03 03 04 02 09 06 04 11 05 02 03 06 03 04 01 03 02 03 02 01 03 01 01 01 01 02 05 04 06 01 02 03 02 02 04 02 04 02 06 01 02 01 04 00 03 04 04 03 03 06 04 02 02 01 02 02 03 03 01 03 05 02 02 06 04 04 01 02 05 00 08 03 02 02 04 02 00 01 04 05 02 03 02 03 01 03 02 04 03 03 07 03 02 03 04 05 05 03 01 
14 16 01 00 07 08 06 04 05 03 04 08 02 03 01 04 03 01 03 04 04 00 04 03 02 03 01 01 03 05 03 03 03 04 03 03 05 01 04 03 04 03 19 22 05 01 03 00 04 01 04 04 01 03 01 03 05 02 02 02 02 01 03 01 01 00 00 00 04 02 02 01 02 07 02 01 01 02 02 02 00 02 05 01 03 00 02 03 02 06 04 05 02 01 03 02 02 08 02 04 
15 05 00 05 07 03 08 04 02 01 03 02 03 01 05 02 01 01 06 01 01 04 02 01 02 03 01 02 01 01 02 04 05 02 02 01 01 06 02 04 02 04 02 05 03 07 01 03 02 04 06 07 04 04 04 03 03 05 00 05 07 02 01 03 04 03 08 03 02 03 02 03 03 02 04 02 06 04 03 01 02 02 02 01 02 03 03 01 02 02 00 04 05 00 03 01 04 02 04 04 
19 12 10 03 02 08 12 06 02 06 02 01 03 05 04 04 00 04 03 05 02 04 01 02 05 03 01 01 01 05 02 04 04 02 01 03 04 04 03 06 02 01 02 03 05 05 04 06 04 05 03 02 02 03 00 05 03 05 01 03 02 02 02 03 01 01 03 05 05 02 02 01 03 00 01 03 00 04 03 03 06 06 04 04 04 00 01 08 04 01 02 02 04 04 04 07 02 01 03 06 
16 17 03 06 02 04 07 03 05 04 04 03 02 04 00 03 06 03 02 03 05 03 03 03 07 03 04 02 06 02 01 04 05 05 04 04 06 03 04 01 04 02 05 00 02 01 03 02 15 03 05 06 02 03 05 02 03 03 03 05 03 01 03 02 03 01 00 02 05 02 06 04 01 02 03 01 04 01 03 02 01 04 03 04 01 06 02 05 04 02 00 01 04 04 01 02 02 02 02 03 
26 13 02 03 25 07 03 10 07 07 03 05 00 03 02 06 02 02 02 04 05 08 03 03 03 01 08 01 09 03 06 01 04 06 13 02 00 03 03 04 06 04 03 01 07 03 03 00 05 01 03 03 02 00 07 04 08 02 04 03 01 03 03 05 01 04 07 03 03 03 03 02 02 01 00 04 01 03 07 04 01 05 04 03 06 04 02 04 01 05 02 02 03 04 01 02 06 04 00 03 
16 14 13 02 09 08 02 02 03 06 07 06 06 11 05 00 02 02 12 02 00 04 03 01 03 01 02 03 01 02 01 02 02 05 02 03 04 03 03 03 04 02 02 08 00 02 05 03 04 01 03 06 02 05 01 04 03 03 03 01 02 03 03 04 02 00 02 02 02 06 05 03 01 06 01 05 04 02 01 06 04 03 01 05 02 02 01 02 05 03 00 03 02 01 03 01 04 03 05 02 
13 02 01 01 06 05 01 05 03 03 03 01 07 09 06 06 03 05 02 01 03 01 01 03 01 00 04 03 04 03 01 08 03 00 04 01 03 01 03 02 06 04 02 04 03 01 03 00 02 04 01 01 01 01 02 05 01 00 05 03 03 04 04 03 04 02 02 03 05 02 03 00 04 02 01 04 00 04 05 03 03 03 02 05 01 04 01 02 07 02 01 04 02 00 02 01 03 04 00 02 
14 18 00 10 08 01 00 06 00 05 04 06 03 02 02 00 04 03 06 03 02 00 03 07 03 02 03 01 02 07 05 01 03 02 01 02 02 00 00 03 06 02 03 00 05 02 05 04 03 03 01 11 03 04 03 02 00 00 04 04 04 03 02 02 07 00 02 03 02 02 04 07 02 02 01 02 03 04 00 00 03 03 02 01 02 02 01 08 05 03 02 03 03 03 05 02 02 01 05 03 
29 14 04 14 02 01 03 04 06 01 02 02 02 02 02 02 03 04 02 03 04 04 01 04 06 02 04 04 01 01 01 03 02 05 00 02 05 07 00 03 01 04 03 01 03 00 02 05 02 06 01 03 06 04 04 01 01 04 01 01 02 00 01 02 05 01 03 04 02 07 03 05 01 04 00 06 03 00 01 05 04 05 06 02 00 01 01 05 02 04 03 02 04 06 03 05 02 02 01 03 
09 19 12 05 09 20 15 10 04 04 07 03 01 02 04 06 03 03 02 01 03 03 03 04 02 04 04 02 02 03 01 01 04 05 06 05 01 01 02 02 02 04 06 04 03 02 03 02 00 00 02 03 08 01 01 07 02 01 03 05 05 04 03 02 03 04 01 01 04 01 01 01 03 02 02 03 00 02 03 07 03 04 01 01 01 01 04 04 01 05 05 04 03 02 04 01 01 08 02 00 
08 22 07 02 05 03 08 01 04 03 02 04 02 01 03 04 04 03 01 03 05 03 06 00 02 01 03 01 07 01 04 02 07 02 01 03 04 03 05 03 03 03 02 01 01 02 00 02 02 03 04 01 05 02 01 01 03 02 03 01 02 04 01 01 06 02 03 02 05 02 03 05 03 02 03 04 04 03 02 00 03 03 03 06 06 01 04 04 06 05 01 02 03 03 00 03 02 02 01 01 
33 15 13 16 03 10 09 04 04 02 03 11 04 03 01 04 02 02 03 03 01 01 03 01 03 02 02 01 03 03 06 03 05 02 00 00 04 03 06 03 06 05 05 02 02 01 01 02 03 03 02 05 03 01 05 01 01 07 02 01 04 02 07 06 04 05 02 03 04 01 05 01 05 04 03 01 04 01 01 03 05 02 03 04 02 01 05 04 02 00 02 05 01 03 01 03 04 02 03 01 
17 07 03 09 05 05 05 07 03 04 03 01 04 03 04 02 02 02 02 02 05 06 05 03 05 03 03 02 06 04 02 04 02 00 04 04 07 04 04 03 07 02 01 02 01 03 01 04 01 03 02 00 03 01 02 02 05 00 03 02 02 04 01 02 01 01 03 04 03 02 06 04 04 01 03 02 02 02 03 02 04 03 02 03 01 03 02 01 01 03 02 02 06 02 02 05 05 01 04 03 
11 03 05 06 13 03 14 04 03 08 10 06 00 05 02 04 02 03 03 00 03 03 04 02 04 05 01 01 01 05 05 03 03 02 00 02 07 01 03 01 02 00 02 05 02 04 04 07 01 03 03 04 00 01 03 03 04 02 02 04 03 04 01 03 07 05 06 01 02 05 03 03 03 05 03 04 03 04 03 03 02 03 01 02 01 04 02 05 05 02 03 02 01 01 02 01 00 03 00 07 
14 02 03 09 06 03 23 04 08 03 04 05 02 07 03 03 03 04 05 06 04 03 03 05 02 02 02 03 05 00 05 01 02 03 03 03 03 02 03 05 02 02 04 02 08 04 02 01 05 06 03 03 04 00 02 03 04 02 05 02 03 03 03 07 03 03 03 05 05 03 03 01 02 04 02 05 03 00 06 06 03 00 01 07 05 02 02 02 01 03 05 06 04 01 02 03 01 02 03 02 
15 04 01 04 04 08 05 06 06 02 03 03 03 02 01 03 05 01 02 03 04 00 03 06 02 03 01 02 03 01 01 02 02 02 03 05 00 03 03 03 05 03 01 01 03 02 03 01 00 04 02 03 00 03 02 00 02 03 03 02 03 01 01 02 02 00 04 00 03 02 05 03 04 02 04 02 03 05 04 07 01 03 04 03 05 05 04 00 04 01 01 01 05 05 05 04 07 05 02 02 
05 02 03 08 05 03 04 03 07 02 01 05 02 06 01 06 03 04 06 00 01 03 03 05 03 00 03 03 03 04 04 04 02 00 03 02 04 05 05 03 04 02 02 01 02 02 06 03 03 02 06 03 03 01 03 03 02 05 04 00 02 01 03 01 03 03 01 02 00 05 01 05 01 01 03 03 01 05 01 03 02 01 03 02 03 01 05 06 07 03 03 00 02 03 06 01 03 04 05 00 
18 07 04 03 05 01 12 27 03 02 02 04 03 10 02 01 03 03 03 04 03 00 02 01 04 02 04 03 02 01 01 02 03 05 04 00 02 01 01 03 03 03 04 02 03 02 06 03 06 05 02 05 05 02 06 03 02 02 01 04 04 01 02 03 02 04 03 02 03 03 04 02 02 06 04 02 00 04 04 02 01 03 04 02 01 01 04 04 02 02 02 03 00 02 06 06 05 03 07 04 
15 23 05 26 10 18 07 05 03 03 05 01 02 02 02 03 03 01 06 01 02 01 00 04 03 01 05 02 01 04 05 03 02 04 03 05 03 02 03 05 04 04 03 04 02 03 02 03 02 03 02 03 03 04 03 02 05 02 02 04 02 01 03 00 03 01 02 03 02 04 02 02 02 03 03 02 03 03 00 02 03 04 00 02 07 04 04 03 04 04 02 01 05 03 04 01 03 08 05 03 
36 21 09 05 07 05 16 10 14 17 04 05 04 08 02 04 02 04 05 02 02 04 06 02 02 02 02 02 01 03 05 04 04 03 02 01 00 02 05 01 04 03 02 02 05 05 03 01 03 01 00 02 06 03 03 05 02 05 00 04 04 03 03 03 00 01 07 02 01 07 00 05 03 03 00 01 04 02 03 04 04 04 02 03 01 03 03 03 03 02 01 01 05 01 00 01 01 03 02 03 
09 08 03 13 11 00 05 05 01 02 03 08 03 02 03 03 06 03 04 00 01 03 02 03 02 00 04 03 01 08 05 01 05 02 01 03 01 01 01 03 06 02 05 04 05 01 01 02 06 04 04 02 02 04 03 06 02 03 01 05 00 02 02 05 03 02 01 01 02 02 01 02 01 03 04 04 02 02 04 08 07 03 05 04 03 00 01 01 03 01 04 01 03 02 03 06 05 06 06 08 
21 27 07 06 04 01 04 03 03 04 02 02 05 02 03 01 04 03 00 04 01 03 02 01 04 00 02 02 04 01 01 03 03 03 02 03 01 03 08 04 02 02 03 01 03 04 01 05 09 02 03 02 04 00 02 03 01 01 04 07 01 04 02 04 04 00 02 04 01 05 03 03 03 05 02 02 02 05 01 02 03 03 00 01 02 02 01 01 02 05 02 03 05 03 02 00 03 01 03 01 
17 10 11 07 10 06 04 06 05 02 02 07 04 02 03 01 01 02 03 01 05 04 02 01 02 01 03 05 05 05 04 02 02 03 03 01 00 01 03 07 00 02 01 05 04 02 08 01 04 03 05 00 00 03 03 03 02 06 03 04 03 04 01 02 06 02 03 02 01 05 05 03 03 03 03 00 01 05 06 02 04 02 02 06 01 03 04 02 04 08 03 00 03 02 04 05 01 08 02 04 
04 02 04 16 05 00 00 01 05 17 03 16 04 03 02 01 03 04 03 02 04 04 04 05 02 03 04 06 00 03 02 06 04 04 05 02 03 02 03 03 03 01 03 01 02 01 05 01 01 03 01 04 04 04 04 04 02 03 02 02 00 06 02 03 03 04 06 02 03 03 02 04 04 03 01 01 04 06 04 01 05 05 01 01 06 01 06 02 06 01 02 01 03 00 03 02 03 05 00 04 
16 18 20 02 10 12 09 10 07 06 08 09 05 04 02 03 02 01 02 04 02 04 06 01 03 03 02 05 02 02 04 04 06 06 03 07 05 03 06 01 03 03 02 05 07 01 01 01 03 01 04 01 02 02 02 06 04 04 02 04 05 05 02 05 02 01 04 04 03 05 04 05 02 01 05 03 04 02 05 03 01 03 02 02 04 01 03 03 04 00 03 03 03 01 00 03 03 04 01 03 
19 15 28 00 00 04 02 14 10 04 02 03 04 05 03 02 01 02 02 02 01 04 03 02 02 03 04 02 01 01 03 02 04 01 06 00 01 02 06 00 05 00 03 04 02 00 03 04 03 04 03 06 04 06 02 02 04 06 02 03 03 02 01 05 01 02 03 00 03 02 01 02 03 03 03 01 02 08 03 03 04 06 02 04 03 03 02 04 01 03 05 03 02 04 02 03 02 04 02 04 
21 04 02 05 04 05 03 04 01 04 05 05 05 03 03 02 02 03 02 02 01 00 03 04 01 05 04 01 03 05 00 03 01 00 02 02 02 01 03 01 03 02 03 03 03 01 03 02 02 02 00 02 02 04 02 02 02 02 03 04 01 02 05 04 04 02 03 05 02 08 03 02 03 01 05 00 05 01 03 05 02 02 01 05 04 06 03 02 01 01 02 03 02 06 02 05 00 03 01 02 
15 01 00 06 02 02 02 02 02 02 03 02 00 05 04 02 02 01 01 02 02 00 02 07 01 00 02 01 05 06 02 02 06 02 06 01 06 05 04 09 03 03 04 02 02 01 04 03 00 03 02 02 01 01 02 02 02 01 04 01 02 02 03 04 02 02 03 03 03 01 02 04 04 02 03 02 02 04 02 02 04 04 02 04 01 02 05 02 03 05 02 05 04 01 01 00 03 02 00 02 
21 02 02 10 02 03 13 00 03 06 04 08 04 01 05 04 02 04 03 02 03 02 02 04 02 02 04 06 04 01 06 06 02 05 02 03 00 02 02 04 01 01 03 03 02 06 02 03 01 01 05 02 02 03 02 02 01 02 02 04 05 04 07 02 05 03 01 02 02 01 06 02 03 06 03 01 01 04 02 03 01 03 06 04 02 02 06 02 02 02 03 03 07 02 05 02 02 03 01 04 
15 25 06 09 06 04 03 03 02 02 02 02 05 07 04 01 02 02 02 02 02 04 02 03 01 00 02 03 02 02 01 01 00 02 01 04 01 04 04 03 03 01 04 01 04 02 03 05 01 08 03 02 02 03 02 04 03 02 04 03 01 03 00 02 03 06 05 02 03 04 02 03 02 03 06 01 00 03 07 06 02 02 04 02 03 04 02 01 04 00 03 03 04 03 03 00 05 03 02 05 
14 12 23 25 07 05 05 02 01 00 02 04 00 02 01 05 01 02 01 02 04 08 03 01 05 01 03 04 01 05 04 03 03 03 03 04 07 16 09 06 03 00 01 02 01 03 07 05 02 06 01 04 04 03 02 04 03 06 05 04 02 02 01 03 02 03 08 00 02 00 02 01 02 02 06 07 06 05 02 02 04 06 00 00 04 01 02 05 03 03 03 03 04 04 01 04 01 02 03 03 
07 05 02 01 02 08 06 05 05 02 10 02 02 07 05 03 02 03 05 01 04 03 02 03 03 03 00 02 01 03 03 06 02 04 03 02 05 02 00 01 01 04 01 04 03 04 04 02 03 03 02 02 01 03 03 02 00 01 05 07 00 02 01 05 00 02 01 05 04 02 03 01 03 00 01 03 01 03 02 02 00 05 03 04 06 01 02 01 07 11 02 03 04 03 01 02 03 07 01 03 
12 19 04 09 10 06 07 01 08 03 02 03 02 03 06 01 03 02 02 05 03 02 02 02 04 01 03 01 02 03 04 05 05 01 06 03 00 02 01 08 04 03 01 02 04 05 02 02 03 09 04 04 02 03 03 01 05 05 02 03 02 03 03 01 02 02 03 03 03 01 02 06 01 02 03 04 01 02 03 09 01 01 02 01 02 01 01 04 02 02 04 03 02 08 02 02 02 02 01 06 
14 37 42 06 01 05 03 09 09 09 03 06 04 03 05 00 03 01 01 01 04 05 01 03 01 02 02 02 01 04 03 01 07 06 07 04 03 05 03 03 03 03 03 06 01 06 01 01 02 02 01 00 00 06 02 03 04 03 03 02 02 03 03 02 00 03 04 03 03 03 02 03 01 04 00 00 04 02 05 01 02 04 02 03 05 01 00 05 05 06 02 02 06 01 01 03 02 03 02 07 
24 17 02 02 03 06 02 03 05 01 10 03 04 03 02 04 03 02 02 01 00 03 04 01 01 04 02 02 04 04 01 02 02 00 04 06 01 06 02 00 01 02 02 03 02 00 01 01 01 06 03 01 02 00 03 03 00 05 01 05 03 03 03 00 04 03 04 03 05 02 04 00 05 01 06 00 05 02 01 02 06 04 02 00 01 05 03 07 02 01 03 06 01 04 02 02 02 01 02 01 
06 06 01 04 13 03 09 03 03 04 03 06 03 04 05 03 01 05 01 01 03 01 01 01 03 02 02 04 05 05 02 02 03 07 02 03 01 07 01 04 05 03 03 03 01 02 02 02 02 01 02 00 05 02 01 02 01 02 00 02 04 01 04 03 04 05 01 02 02 05 02 02 05 05 03 01 02 02 03 04 03 04 03 05 01 05 05 05 03 00 02 04 02 06 03 04 02 04 03 08 
02 05 04 01 05 04 06 04 13 04 04 00 04 04 04 02 05 03 01 01 02 05 03 03 05 03 00 03 02 03 02 05 02 04 03 03 02 03 04 04 03 00 01 01 02 07 02 01 03 02 01 03 02 01 01 06 04 01 01 02 00 01 02 06 02 03 02 02 02 01 07 03 00 03 02 05 05 05 00 03 03 06 04 02 03 03 02 03 01 02 03 02 03 04 01 01 04 03 03 02 
07 11 08 05 09 10 12 09 09 03 05 05 01 07 12 03 01 01 05 03 06 03 03 03 07 03 01 03 04 04 01 02 01 01 02 04 02 03 01 01 03 03 05 01 02 05 03 01 04 04 00 03 00 02 02 03 03 03 03 03 03 02 04 03 03 01 03 03 04 03 09 00 01 03 03 01 02 00 03 06 02 01 03 03 04 02 01 03 04 03 04 06 04 02 01 02 02 00 01 03 
25 34 02 07 05 34 06 07 11 07 05 02 01 07 02 01 03 02 02 04 03 03 02 04 01 00 00 03 02 04 04 02 03 00 01 04 03 02 01 02 02 02 01 02 07 04 01 03 06 00 05 01 03 03 03 02 03 04 02 03 04 03 01 04 03 01 02 04 01 01 02 00 02 01 02 01 01 03 04 03 03 04 06 02 04 03 03 03 03 02 01 00 04 03 02 02 05 03 01 06 
03 03 02 03 04 03 03 01 03 02 04 02 00 09 02 04 01 05 00 02 02 03 04 01 02 01 07 01 05 02 02 01 03 03 04 02 05 02 02 02 03 01 03 05 04 03 01 03 05 04 02 02 01 03 03 03 06 03 05 04 03 04 01 02 02 05 04 04 01 05 01 01 02 02 02 04 01 02 01 03 05 03 04 01 03 04 02 04 06 04 06 04 02 02 03 05 03 02 03 01 
10 32 02 06 08 02 05 05 02 05 07 16 07 10 02 03 02 04 02 01 01 02 03 03 02 02 01 02 00 01 01 03 00 00 02 02 02 01 03 04 00 03 02 04 04 07 06 00 04 05 03 06 03 09 01 04 02 05 03 07 03 04 03 02 00 03 04 03 05 02 02 03 01 02 04 03 02 05 02 01 03 04 03 00 01 03 04 03 00 02 02 08 00 02 03 03 01 05 01 00 
17 01 04 03 01 05 01 00 05 07 13 09 11 03 02 03 02 05 03 03 02 02 01 04 01 02 04 03 00 02 02 03 05 01 06 03 00 05 04 03 03 04 05 00 04 01 03 01 03 03 00 06 01 02 04 02 04 06 02 01 02 03 01 04 04 02 06 00 02 07 02 05 04 01 05 01 03 06 00 02 05 02 03 04 03 02 01 05 03 01 04 01 03 01 04 00 00 03 02 04 
07 10 10 02 05 05 02 05 07 02 04 02 05 05 02 02 02 09 05 05 04 01 04 05 04 05 03 03 01 01 06 04 01 02 05 03 01 00 04 05 04 00 03 02 00 03 00 00 01 01 02 03 02 02 02 04 04 06 05 07 05 04 08 03 01 05 02 03 00 02 02 01 04 02 01 02 03 03 05 00 06 03 02 01 02 02 03 02 03 03 02 02 04 03 04 02 04 05 00 03 
19 08 02 09 07 15 02 03 05 05 03 04 02 01 02 02 03 02 02 06 04 06 01 02 05 02 03 01 01 02 00 02 02 05 02 03 04 01 01 02 03 04 06 04 07 02 00 07 03 03 05 04 03 04 03 00 01 02 04 01 02 01 01 02 02 04 00 02 03 03 07 06 07 04 02 02 01 01 01 02 06 01 05 02 01 02 05 06 01 01 01 01 01 02 03 03 01 00 00 02 
04 07 01 05 06 07 06 04 06 02 03 05 06 01 03 02 01 04 03 02 04 01 01 00 01 02 00 05 03 03 04 02 04 02 02 01 03 01 01 02 04 01 06 02 01 02 01 01 02 00 05 05 02 02 03 02 02 01 03 03 04 05 08 02 02 04 06 02 03 03 00 03 03 02 04 03 05 01 01 01 02 04 02 01 09 03 04 03 03 03 01 01 02 02 03 01 03 02 00 05 
13 10 17 05 03 06 06 08 06 08 02 00 04 00 01 00 03 03 03 04 05 02 03 04 04 03 03 05 04 04 02 01 00 03 02 06 00 03 04 04 03 03 04 01 07 03 03 04 00 05 04 03 01 02 07 04 04 00 03 02 01 01 04 03 02 03 03 04 08 01 04 02 00 02 02 04 00 03 04 03 03 04 04 00 03 01 07 01 02 02 02 03 03 05 01 02 03 09 03 05 
03 13 15 23 10 06 11 06 07 04 03 03 02 07 02 03 07 02 00 01 04 03 03 09 03 01 03 02 02 05 02 05 03 03 05 01 03 01 02 03 05 04 01 03 02 02 04 05 02 03 04 00 02 05 05 02 01 07 03 05 03 03 04 01 04 03 03 01 03 01 03 04 02 05 05 02 06 04 03 05 03 02 05 04 01 02 03 02 08 01 01 03 01 03 04 03 04 03 08 02 
18 13 05 02 00 13 03 07 03 03 05 05 06 00 02 03 02 04 07 04 01 05 01 02 03 01 01 03 03 04 03 05 02 03 02 02 04 05 04 01 05 03 04 06 01 02 00 03 01 04 03 03 06 02 04 03 02 02 04 02 02 02 02 03 02 04 05 04 04 01 01 02 02 05 04 04 06 02 02 04 01 01 02 02 02 05 01 04 06 02 00 02 05 05 02 02 07 03 00 02 
27 05 05 02 15 08 03 02 02 06 07 02 06 03 03 03 06 05 03 03 01 05 03 04 02 04 04 02 04 03 04 06 00 02 02 03 03 05 03 03 02 03 01 07 00 01 03 02 00 09 06 01 00 03 04 02 02 07 04 03 04 02 06 03 02 02 02 06 03 05 06 03 06 03 02 04 07 01 02 03 07 03 02 03 04 01 01 02 03 02 03 04 00 00 04 02 00 01 02 02 
23 30 16 02 04 11 12 06 13 07 14 16 02 12 05 06 11 12 11 07 09 09 04 07 01 03 06 07 07 05 07 02 01 05 05 07 04 04 02 01 05 03 01 01 02 03 00 05 01 05 03 04 02 01 04 03 02 05 05 02 02 03 04 05 04 03 05 04 02 05 03 02 04 01 05 02 01 04 05 01 02 04 03 01 02 02 02 01 02 05 02 00 01 03 02 02 04 05 02 04 
11 02 15 03 03 04 10 07 01 05 03 04 01 00 03 02 06 00 02 02 03 03 04 01 05 03 03 03 02 04 04 03 02 04 03 01 03 05 05 02 05 02 05 02 02 00 06 05 01 00 04 01 03 02 02 03 05 00 02 02 03 05 00 02 03 02 07 03 01 04 05 05 03 03 01 02 01 00 03 06 02 02 02 05 00 03 01 00 01 02 02 01 02 07 02 06 03 07 03 04 
20 11 13 34 15 01 05 02 04 03 04 00 03 04 03 02 01 05 02 04 04 02 03 03 04 01 03 03 01 02 05 02 01 02 03 04 07 01 01 06 02 03 05 03 06 02 02 00 02 03 00 03 05 03 02 01 04 01 06 05 03 01 05 07 02 02 00 02 04 02 04 00 04 01 05 02 05 04 01 01 01 02 04 01 05 02 09 06 06 04 04 02 02 03 03 05 04 02 02 01 
08 08 17 00 08 03 07 04 07 10 02 06 03 06 02 05 06 04 03 04 01 03 03 04 02 02 07 02 03 04 02 02 05 03 02 06 00 02 04 04 03 02 06 02 02 00 05 04 03 04 04 02 03 04 01 04 04 02 05 00 06 03 00 01 04 02 07 02 00 06 04 04 02 06 05 04 04 05 05 02 05 04 02 01 04 03 06 07 02 04 01 03 03 00 04 02 04 03 01 02 
10 04 02 18 07 02 07 10 03 08 10 10 03 03 02 02 02 04 02 01 02 01 02 01 02 00 04 04 06 02 02 01 00 03 02 01 09 03 03 03 02 01 01 02 01 03 02 01 05 03 03 02 04 04 02 02 05 02 07 03 03 02 00 05 01 04 01 04 02 02 02 01 06 03 02 04 02 03 07 02 04 03 03 03 03 01 02 03 04 00 04 03 02 04 05 03 01 03 05 06 
10 07 04 15 09 05 04 03 06 06 04 05 09 01 03 04 00 04 02 03 05 02 00 03 01 08 03 06 00 02 03 00 02 02 05 02 03 03 01 01 03 06 03 06 05 03 02 01 05 06 02 03 02 04 03 02 02 04 02 02 01 06 05 03 02 02 03 06 02 02 01 02 02 03 01 02 02 03 02 02 01 05 02 01 01 03 05 04 04 01 04 01 02 03 03 03 02 02 00 00 
18 18 02 17 12 04 06 01 03 02 04 04 02 04 03 05 01 03 00 02 03 05 02 04 03 04 03 04 03 03 03 02 05 01 05 02 00 02 00 02 03 02 01 01 01 03 02 04 01 00 05 00 06 02 03 01 02 01 05 02 02 01 05 01 03 01 05 02 02 04 01 03 06 03 02 01 02 05 04 02 06 05 05 04 07 06 03 02 01 01 01 02 02 00 04 02 00 01 05 01 
08 05 06 03 02 03 01 07 04 02 02 03 02 07 05 04 02 03 03 01 04 04 06 01 03 05 01 02 06 04 01 03 03 01 02 04 06 02 01 05 01 03 04 02 01 04 01 02 03 04 03 02 03 03 01 00 02 01 05 02 08 02 02 05 02 02 01 01 04 04 03 04 02 04 00 02 03 02 01 02 02 02 01 03 07 03 03 01 03 02 04 02 02 02 00 04 03 01 01 05 
11 11 04 10 05 04 02 04 02 01 01 03 00 06 07 03 02 03 01 03 05 02 06 03 03 01 01 01 03 03 01 01 06 03 05 01 05 02 02 01 03 02 04 02 02 03 02 01 05 01 02 01 02 04 02 03 00 01 07 03 02 02 02 03 02 05 00 05 03 05 03 04 03 02 04 02 05 04 04 00 01 04 02 00 04 03 03 04 04 05 03 05 02 01 00 05 06 02 01 02 
09 31 07 13 03 04 01 00 03 05 01 06 05 03 04 03 02 03 02 05 01 03 00 03 00 04 03 03 02 01 03 00 02 01 02 02 01 06 03 03 05 02 03 04 05 04 01 02 02 03 03 02 02 02 03 04 01 02 00 01 01 04 01 02 04 03 03 02 04 02 03 01 04 02 04 07 00 01 02 02 00 00 02 04 02 00 03 04 04 00 00 02 03 05 02 03 03 04 02 05 
09 04 05 14 22 08 05 04 05 01 06 13 02 05 04 05 03 03 02 03 00 01 06 03 01 01 02 03 03 01 00 03 01 04 05 03 02 06 03 03 03 04 03 04 03 04 02 03 04 02 03 06 01 03 03 04 04 03 02 00 02 02 00 03 02 04 02 02 02 06 05 00 01 02 02 03 02 01 04 03 06 01 04 00 03 06 03 02 01 03 01 02 03 02 03 03 02 02 03 01 
02 00 23 08 06 07 07 02 03 02 13 01 01 02 01 04 02 02 01 03 04 02 06 01 01 04 01 05 04 02 04 05 05 02 02 01 02 01 02 03 05 04 03 04 03 01 02 02 02 02 02 01 02 00 04 03 01 06 02 04 03 04 05 06 06 04 02 01 01 06 03 02 05 02 03 01 04 05 06 01 03 01 05 01 01 07 04 02 06 03 00 01 02 03 09 03 01 04 01 05 
04 03 03 02 03 03 03 06 03 09 13 05 02 06 08 02 04 06 01 04 06 02 04 01 02 05 01 02 03 02 00 02 01 04 05 01 01 01 02 03 01 02 02 03 04 02 01 01 02 04 06 04 06 01 02 06 03 02 03 05 03 02 03 06 03 06 03 02 01 00 01 01 00 03 04 02 02 02 02 01 02 07 00 03 02 05 01 04 01 03 04 03 05 03 05 06 05 02 02 07 
12 04 04 01 05 08 02 05 02 01 04 03 01 05 02 03 03 01 04 03 01 05 02 01 02 02 02 01 02 05 04 06 05 03 05 01 03 01 02 01 03 02 01 03 02 04 04 01 03 05 04 01 01 02 03 04 05 03 07 02 02 03 04 01 04 03 03 05 04 00 04 03 05 03 03 01 02 03 06 05 03 05 03 03 02 03 01 04 01 02 07 00 01 03 04 02 02 04 03 01 
08 04 03 03 03 03 05 03 05 04 05 02 02 02 05 01 03 02 03 03 02 02 05 08 02 03 01 01 05 00 01 01 04 00 01 03 06 06 01 03 04 02 00 04 07 02 02 00 02 02 02 04 01 04 03 04 04 04 03 03 06 05 04 03 03 03 05 04 05 04 01 00 03 02 00 05 01 03 02 06 02 04 01 03 01 04 03 03 04 02 03 01 02 01 03 01 00 03 02 07 
04 08 06 06 02 02 04 03 02 11 10 04 02 03 09 03 05 05 03 02 01 02 01 02 01 05 04 02 02 03 03 03 02 00 02 06 01 04 04 04 07 01 02 06 03 02 01 03 04 04 06 04 02 01 01 03 03 03 02 03 02 04 01 02 03 04 03 04 04 07 03 04 03 02 04 01 04 05 01 02 03 05 04 01 04 05 00 03 03 06 00 00 03 02 06 01 03 02 01 06 
07 12 02 17 07 01 02 03 09 02 03 04 04 02 04 01 01 03 03 01 01 01 00 00 04 07 06 01 02 05 04 01 02 04 02 03 00 02 05 01 04 04 01 00 04 03 04 00 03 01 04 02 00 03 03 03 00 02 03 03 04 03 06 03 01 08 02 03 05 01 03 03 02 01 06 04 01 02 01 02 01 01 03 01 01 02 02 04 02 02 00 05 02 02 05 02 05 07 08 04 
07 06 04 05 04 09 03 02 02 02 01 01 03 01 02 03 02 01 03 01 00 06 02 02 03 02 02 05 05 08 06 05 01 02 00 01 02 10 06 08 06 05 03 06 02 03 02 03 02 01 01 03 02 04 01 02 05 02 05 03 05 03 01 02 02 04 03 02 03 03 02 00 02 06 03 03 03 02 01 04 02 06 02 05 00 02 05 04 05 02 03 03 01 03 03 03 02 02 02 01 
05 03 01 01 03 02 05 05 06 03 10 02 03 01 02 08 01 02 05 02 05 02 03 01 03 04 02 03 01 04 05 02 03 06 03 02 03 03 02 01 01 03 01 03 03 03 04 04 01 03 02 04 00 02 01 01 04 01 03 03 02 02 06 01 05 04 03 07 02 02 02 09 04 02 04 05 03 03 02 05 04 04 02 05 02 02 01 02 03 01 01 01 04 07 04 04 05 04 03 05 
10 07 01 01 03 04 02 02 02 03 04 04 02 03 00 01 06 00 02 02 02 02 04 02 04 04 03 00 02 02 09 02 05 01 00 06 04 04 01 02 01 01 02 04 02 01 03 04 02 04 03 03 02 00 06 02 03 02 03 02 06 04 03 05 02 01 04 02 04 13 02 05 07 01 04 00 02 04 03 04 03 02 02 06 05 01 05 02 03 04 03 00 07 03 03 01 02 01 06 02 
06 08 04 00 09 38 11 07 06 03 02 04 04 02 03 02 05 01 01 03 02 00 03 05 02 06 06 05 03 04 01 04 01 02 01 05 06 01 04 00 06 01 04 04 03 03 00 02 02 02 01 01 01 04 02 07 06 02 03 05 04 02 04 02 08 01 03 03 01 01 04 09 02 02 04 03 02 04 02 04 00 05 05 04 03 01 04 03 04 02 04 02 01 02 03 01 02 03 03 02 
07 05 03 03 01 10 02 06 03 04 01 05 02 05 05 05 01 01 02 02 00 02 03 04 03 02 00 03 03 01 04 02 04 04 07 02 02 03 02 03 01 03 02 01 01 00 04 01 03 01 02 04 01 03 01 01 02 02 00 01 02 02 04 03 02 05 03 01 01 03 03 03 01 06 03 09 01 02 04 01 07 01 02 05 08 00 03 03 04 03 02 03 03 02 02 03 03 02 02 01 
27 52 06 14 12 07 04 03 02 04 06 02 04 06 02 04 01 03 02 00 02 04 04 04 02 02 07 05 04 02 03 01 04 05 02 01 02 00 02 03 03 04 00 02 02 06 01 02 02 04 02 02 03 03 06 01 03 05 03 03 06 05 00 04 02 02 03 00 01 02 02 04 03 03 05 03 03 05 03 01 03 01 02 07 02 04 01 05 02 03 01 01 01 01 00 05 03 02 01 03 
23 26 23 10 13 03 09 04 12 07 12 04 00 09 07 03 02 02 06 01 01 00 03 02 04 05 05 05 02 02 05 02 01 01 01 01 04 02 01 03 01 02 05 04 05 06 01 01 05 01 05 06 06 02 00 02 03 03 04 01 03 01 05 05 00 00 03 03 06 07 05 01 02 06 06 01 04 03 02 01 02 02 02 03 01 02 00 07 04 05 05 01 05 01 01 00 01 03 08 06 
06 03 02 05 15 07 02 05 03 06 05 05 00 02 00 04 01 05 02 01 06 02 06 03 03 03 04 03 01 04 01 02 04 03 05 00 04 05 01 02 04 02 04 04 01 06 01 02 02 00 01 04 02 04 00 07 04 01 01 00 01 01 00 01 03 03 02 04 05 02 05 03 03 05 02 01 01 07 03 00 03 01 04 01 03 02 02 02 05 00 04 03 03 03 02 02 03 04 03 03 
30 22 17 53 02 30 03 17 02 13 13 01 02 02 04 01 02 03 02 00 01 00 03 03 04 03 02 02 04 05 02 04 04 02 03 01 01 01 02 02 01 04 04 03 06 01 04 02 02 04 03 02 02 03 02 01 02 04 02 01 00 02 01 03 00 01 06 04 04 02 02 03 03 08 02 03 02 02 03 02 04 02 03 01 01 00 06 02 05 06 02 02 03 03 01 04 05 02 02 01 
42 05 09 05 01 02 37 08 04 01 04 03 03 05 03 03 01 06 05 02 05 02 06 04 04 01 02 04 08 03 05 03 03 04 04 03 01 02 03 03 03 02 01 02 02 03 02 01 02 03 01 01 03 01 06 06 01 02 02 03 04 02 03 02 05 01 02 02 06 03 03 01 03 02 03 04 03 05 01 02 01 04 02 05 01 04 01 04 01 05 06 03 07 05 02 00 04 02 02 03 
11 24 05 17 16 07 05 01 01 02 01 00 04 04 01 04 00 02 02 01 02 03 04 05 02 03 06 01 01 01 04 03 01 12 06 04 02 03 06 02 05 06 02 03 02 01 02 05 04 01 03 01 05 02 02 02 01 03 05 02 03 02 02 00 01 04 04 04 01 01 03 04 04 02 00 03 04 04 02 01 02 05 07 04 06 01 02 06 00 00 02 03 02 05 03 05 03 02 03 02 
09 08 04 03 02 05 09 11 02 08 05 06 04 02 02 01 03 05 03 01 03 01 01 05 05 03 04 00 01 02 01 04 04 02 06 03 05 06 04 01 02 04 04 02 01 04 04 05 04 04 03 06 02 03 02 02 03 01 05 02 04 02 03 04 00 01 02 03 02 05 03 03 03 04 02 02 02 02 08 05 05 02 01 04 03 01 02 04 04 06 03 01 02 06 03 04 03 04 05 03 
12 24 40 09 12 09 10 04 13 10 14 17 04 16 08 04 04 05 04 05 02 03 03 01 03 03 01 03 02 05 02 06 06 03 03 01 03 04 03 03 00 03 03 00 05 06 02 03 02 04 04 01 08 03 06 02 03 03 04 02 02 01 01 03 03 03 02 05 04 01 03 03 01 01 01 05 04 03 04 04 01 02 06 03 00 05 03 01 03 01 00 02 07 04 02 03 03 05 04 02 
11 14 11 17 05 01 04 04 02 02 01 02 05 02 05 04 01 03 04 02 03 01 02 01 05 07 05 02 04 01 03 00 00 01 04 05 03 04 03 01 07 02 01 05 05 04 01 03 02 03 01 03 01 01 05 03 03 04 04 03 04 02 03 03 04 02 06 06 01 00 01 03 05 03 03 03 03 02 03 01 01 01 04 03 05 00 03 05 03 02 01 00 00 02 01 05 07 02 01 03 
20 15 05 08 10 09 08 04 03 02 04 01 00 05 02 04 04 03 05 02 02 02 05 02 04 02 04 03 00 05 03 03 01 03 05 02 04 04 06 06 02 02 03 03 04 02 04 00 02 02 01 05 00 04 01 01 00 03 01 05 05 02 03 02 03 00 02 01 04 09 03 01 01 01 04 01 03 05 04 00 04 03 02 03 03 07 03 00 02 02 01 02 03 04 06 02 02 02 03 04 
22 13 04 01 02 04 04 07 03 00 02 06 01 03 00 03 05 02 01 03 03 05 04 01 04 05 02 00 02 01 03 03 02 00 02 01 04 02 01 01 04 00 02 02 01 05 03 05 02 04 04 03 05 04 03 04 04 03 03 06 04 01 01 00 01 03 01 01 02 05 01 03 04 02 03 03 04 03 04 03 04 01 03 01 04 02 00 02 00 02 02 01 01 05 00 01 05 01 01 03 
40 16 22 28 31 06 02 22 05 05 12 02 02 04 03 02 02 02 04 02 06 04 03 02 00 02 01 02 03 04 02 05 00 04 02 03 01 03 01 01 05 05 00 04 01 04 04 04 01 02 03 01 02 03 02 01 01 06 01 03 02 01 04 02 05 02 03 02 03 01 03 01 03 04 05 02 01 02 01 02 03 02 02 01 03 01 02 03 00 06 01 02 05 01 04 02 02 07 04 02 
13 01 10 06 05 07 02 04 08 04 00 03 03 02 03 03 01 03 01 03 03 02 07 05 03 05 01 00 04 03 03 02 03 03 01 00 02 00 02 02 03 03 01 05 02 03 03 03 04 01 04 02 05 03 02 03 01 03 02 03 03 06 02 06 01 02 01 04 04 03 03 06 04 03 00 03 03 01 03 01 05 02 01 02 05 01 03 02 03 02 04 04 05 03 05 03 02 02 04 03 
30 16 20 10 02 02 06 03 04 03 04 04 01 03 02 05 03 01 03 04 03 07 01 01 02 02 03 06 05 02 01 02 00 03 06 03 04 07 03 01 02 04 02 02 05 01 04 04 01 04 03 01 01 02 03 00 02 03 04 01 01 03 01 01 08 02 03 05 00 04 03 03 03 03 01 03 06 04 02 00 03 05 03 00 04 05 02 06 02 06 04 02 00 03 05 02 07 00 01 04 
22 08 00 08 17 10 08 02 01 02 02 06 12 06 00 03 04 02 04 03 06 05 04 01 04 04 03 00 03 02 00 04 04 05 02 01 04 00 00 01 06 02 02 03 06 03 02 03 05 03 02 04 06 06 04 03 04 03 01 02 02 09 04 02 04 02 01 04 01 01 06 01 01 04 02 04 03 03 02 03 03 01 01 04 05 06 05 02 04 04 05 00 04 02 03 00 02 04 05 01 
16 20 11 06 08 07 00 29 16 00 02 05 02 04 03 04 03 24 07 07 02 07 03 04 04 03 03 05 02 04 05 01 04 02 03 06 03 03 03 03 00 01 05 00 04 02 04 00 03 05 04 02 04 03 00 05 03 04 03 08 08 03 01 02 04 05 04 02 02 02 05 02 00 05 05 02 02 02 03 00 05 03 06 08 01 02 02 04 02 02 05 06 03 02 05 01 01 03 04 02 
12 05 05 06 08 02 03 01 06 00 05 01 02 05 04 06 04 08 07 13 04 06 04 03 04 02 04 04 01 01 04 07 06 02 04 04 02 02 06 00 03 04 06 01 00 04 02 02 02 01 05 02 01 03 03 04 05 02 03 01 03 04 03 01 02 00 03 01 02 02 05 05 05 01 01 02 03 03 01 01 03 01 01 08 03 02 01 00 03 02 03 02 02 04 02 03 03 04 03 04 
22 13 05 08 04 01 04 00 04 02 01 04 01 04 01 04 02 05 05 02 02 01 05 05 03 00 01 03 05 03 01 03 06 03 03 05 01 01 02 04 04 04 00 04 02 05 04 03 06 04 04 03 00 01 04 01 01 02 04 01 03 02 03 02 05 03 04 04 02 03 01 01 04 01 02 07 01 03 01 02 05 00 04 03 04 00 02 04 04 03 00 00 07 02 04 05 00 00 02 02 
14 07 04 04 02 04 03 05 07 00 09 09 01 03 00 02 04 04 06 04 03 03 04 04 02 04 02 02 04 04 03 04 02 02 06 04 01 03 03 07 00 03 03 04 02 01 05 01 03 07 03 04 04 03 05 05 04 03 02 03 04 02 03 04 00 03 03 01 02 02 04 03 02 04 05 04 03 05 04 03 00 05 04 04 05 05 02 03 02 01 03 05 06 02 03 02 03 03 02 01 
