26 19 34 25 18 01 13 16 24 20 36 02 17 15 09 04 03 04 02 01 07 08 04 04 02 03 03 05 00 06 03 05 03 05 04 02 03 02 04 01 00 01 01 00 03 04 02 03 05 03 01 02 02 00 02 02 01 04 03 03 04 03 04 03 03 05 03 01 02 02 01 01 03 04 01 02 02 02 02 03 01 01 02 05 02 03 03 01 03 04 03 00 03 06 06 02 01 00 03 01 
03 21 03 15 02 05 05 04 02 04 02 00 03 03 01 04 03 01 04 02 03 04 03 00 03 01 03 03 04 01 02 04 01 01 03 02 02 00 02 07 01 02 05 04 04 00 01 04 04 00 02 07 01 03 04 02 00 01 05 03 03 03 04 02 01 01 03 04 05 01 06 03 02 05 02 02 04 00 03 03 01 03 06 03 04 02 03 03 06 01 06 00 02 03 01 02 02 02 00 04 
09 15 01 07 05 05 05 08 08 06 03 09 04 01 06 03 02 04 02 03 04 01 01 02 01 01 04 04 05 04 03 02 02 06 04 04 04 01 04 01 02 02 02 01 02 01 05 04 00 05 04 05 05 04 02 05 06 04 02 03 02 06 03 03 05 04 03 04 01 02 02 00 03 01 02 04 05 01 02 04 05 01 04 02 05 04 03 03 02 04 03 01 02 03 04 03 05 03 05 02 
22 11 13 16 04 10 07 14 06 03 04 03 02 05 01 05 02 05 03 10 01 02 04 03 01 04 03 03 02 02 04 04 02 02 03 03 03 01 02 03 01 06 03 01 02 03 04 03 01 00 02 03 01 02 04 05 04 03 04 01 03 04 02 05 03 01 04 07 03 04 02 01 01 01 03 02 01 03 03 04 00 06 02 01 05 03 04 06 02 03 05 03 01 03 03 02 04 03 01 03 
10 12 24 14 19 13 35 20 07 14 09 07 04 01 02 02 04 05 02 01 02 02 03 04 01 02 06 04 04 01 03 00 05 00 04 02 01 04 04 03 03 01 04 04 02 03 03 03 02 04 03 02 02 03 03 03 01 02 03 05 02 04 03 01 02 00 04 03 05 01 00 01 02 03 01 03 05 03 01 06 06 02 02 04 05 03 03 03 01 02 04 04 02 02 01 02 02 02 04 03 
23 40 41 32 29 19 14 26 09 09 06 19 18 20 33 11 27 21 10 11 15 13 18 10 11 06 07 04 08 16 06 04 08 02 03 02 03 03 03 02 04 03 02 03 00 02 03 01 02 04 02 01 02 02 01 03 03 04 01 02 02 02 04 05 04 03 03 04 01 03 04 01 07 04 03 04 04 02 02 03 01 02 05 02 03 05 05 02 02 02 03 02 02 03 02 04 06 01 06 03 
29 22 10 06 22 06 03 01 02 05 03 01 06 01 02 03 03 06 03 01 03 02 05 01 00 05 03 01 02 03 03 02 02 01 04 02 03 02 06 01 01 06 03 00 06 02 04 04 02 06 03 04 05 01 01 04 03 03 01 04 02 03 01 03 01 03 00 05 03 03 01 06 03 01 05 01 04 02 05 02 03 03 03 05 03 03 03 02 02 01 03 04 03 03 03 02 03 02 01 04 
23 26 10 05 04 05 02 03 03 04 04 01 03 04 02 02 04 03 05 05 04 04 01 02 04 02 04 02 02 07 04 03 02 00 02 04 02 04 02 02 01 05 04 03 05 01 03 02 03 03 04 03 07 02 05 04 03 06 02 01 05 03 05 05 04 01 02 05 02 03 04 04 00 02 02 02 03 03 01 03 03 04 03 03 04 04 03 03 03 04 00 03 03 03 03 02 02 02 01 01 
12 11 06 21 23 20 07 05 05 02 04 04 05 00 03 04 04 05 01 04 03 03 02 02 04 00 02 02 02 03 02 03 03 03 04 01 03 03 03 02 02 04 01 00 05 05 01 00 01 00 03 04 05 03 00 01 03 01 01 01 02 02 01 03 03 08 03 03 02 03 05 02 04 03 02 02 02 03 03 02 03 05 00 04 03 02 06 00 05 00 03 03 04 03 01 05 03 03 03 03 
06 02 11 07 15 03 02 04 02 02 10 03 05 03 03 04 03 04 04 03 03 03 03 03 03 02 04 01 06 04 01 03 03 02 02 01 04 04 05 03 01 02 02 03 04 02 05 00 01 06 04 03 04 01 02 03 06 04 03 04 00 04 02 02 06 05 03 07 05 01 04 01 00 02 03 01 02 05 03 03 04 04 05 04 02 03 03 03 01 03 04 03 05 02 04 01 03 02 04 01 
24 18 19 18 10 16 16 04 01 06 01 03 02 01 04 04 03 02 02 03 02 01 03 02 01 01 04 05 04 01 01 03 06 01 00 05 01 03 05 02 01 02 00 04 03 02 04 04 05 01 01 05 04 00 05 03 01 03 02 02 00 04 02 02 03 01 00 00 01 00 01 03 02 02 04 02 02 04 04 05 04 03 03 06 03 03 03 03 03 03 02 03 03 03 02 04 01 02 02 02 
18 08 29 29 31 09 22 13 10 07 07 02 02 04 02 03 01 04 04 04 05 01 03 01 01 02 03 02 05 03 04 01 04 00 01 02 02 01 05 04 03 01 01 04 03 05 04 00 02 02 05 04 03 04 03 02 03 02 04 04 03 04 02 04 02 02 02 04 06 04 04 01 02 02 01 03 03 02 02 02 02 02 05 02 02 04 02 01 06 05 02 02 03 03 01 02 02 03 03 06 
09 21 30 38 28 23 10 04 00 03 16 01 07 05 04 01 01 03 04 03 02 03 02 05 05 02 04 04 02 04 03 06 04 05 02 04 02 01 03 04 00 03 01 03 02 01 03 02 04 03 03 04 03 05 01 03 02 01 05 07 03 03 01 02 01 04 05 02 03 01 06 02 04 01 02 03 02 01 04 01 00 03 04 01 01 03 04 03 03 01 00 01 04 01 03 02 03 06 02 01 
05 08 26 05 00 03 01 04 05 04 02 00 04 06 05 01 03 04 02 02 03 03 04 04 03 06 03 05 06 03 04 00 04 03 02 04 01 05 03 03 03 01 01 01 04 00 04 05 03 05 02 02 05 04 03 04 04 02 01 04 03 01 05 03 05 03 02 01 04 02 02 01 02 04 04 03 02 00 02 02 04 02 05 01 03 03 04 01 05 05 02 03 03 02 03 02 04 00 03 02 
16 21 14 15 13 17 20 06 03 04 07 05 01 05 03 03 01 03 01 03 01 02 03 02 00 05 02 03 02 03 03 05 04 00 06 02 01 04 06 02 04 06 04 04 05 00 04 02 03 06 03 02 05 05 05 02 06 05 03 03 06 02 02 03 02 01 02 03 01 03 05 02 04 02 00 02 01 06 01 05 02 03 04 04 03 03 05 07 02 01 03 04 01 05 02 02 04 04 03 02 
19 14 16 13 32 16 08 15 17 06 03 16 07 11 07 06 06 06 03 02 02 02 02 02 11 04 02 04 04 02 05 02 03 04 01 05 01 05 03 04 04 02 04 02 01 04 03 01 02 03 01 00 02 02 01 02 03 05 02 01 02 01 03 02 03 03 02 02 04 02 00 01 01 05 03 06 04 02 00 02 04 01 02 03 02 04 03 01 03 02 04 03 02 04 05 02 02 05 03 03 
17 11 18 29 14 28 17 15 15 08 15 22 07 02 05 02 04 03 02 02 03 02 04 05 03 02 02 02 00 00 01 03 05 02 02 01 02 03 01 03 02 05 03 03 04 01 02 02 02 01 03 01 01 04 02 03 01 03 03 03 03 02 02 04 04 02 01 01 02 07 05 02 03 02 07 04 04 04 04 03 01 04 03 02 04 02 02 05 02 06 00 00 01 05 02 04 03 04 00 01 
12 14 14 10 09 14 05 02 04 03 03 02 04 01 02 03 02 03 03 04 03 00 01 04 01 02 05 03 02 01 03 05 01 02 02 05 07 04 03 04 02 02 01 03 02 02 02 02 05 05 03 01 02 01 01 03 03 02 03 02 03 02 07 00 03 02 02 04 05 00 01 04 04 01 00 02 01 00 01 01 02 03 04 03 04 03 02 04 02 02 05 04 04 05 00 04 02 01 05 02 
12 18 23 08 07 06 06 01 12 10 03 03 04 03 02 05 01 03 02 06 02 01 06 03 03 03 03 02 02 02 04 03 00 02 06 02 01 03 03 01 01 05 02 01 01 03 03 02 04 03 05 04 03 03 03 01 01 06 04 05 04 02 05 02 02 01 01 03 01 02 01 01 03 02 01 07 04 01 02 01 01 00 04 02 02 03 04 05 02 05 04 04 01 04 03 01 02 02 01 04 
07 19 15 26 36 40 13 18 05 02 02 04 02 01 05 05 02 04 05 02 03 04 03 02 01 05 03 02 01 03 03 03 01 04 02 03 01 03 03 04 07 08 04 12 05 01 04 04 03 01 01 04 01 05 04 02 05 01 04 04 02 01 02 01 02 05 02 06 01 03 01 01 05 02 05 04 02 04 03 01 04 03 03 03 03 02 04 02 01 04 03 04 02 03 06 04 03 02 03 04 
08 03 03 12 13 04 03 03 06 12 03 03 05 04 03 06 04 01 03 05 04 05 03 03 03 02 04 03 06 09 04 05 06 09 08 08 08 07 09 10 09 08 06 09 10 09 10 08 10 08 09 09 04 04 09 07 08 08 08 07 05 07 09 08 07 08 05 07 11 10 09 10 10 05 08 08 09 06 09 08 09 09 07 08 10 11 09 09 10 07 12 09 11 08 10 09 08 07 10 07 
14 15 07 14 15 05 03 01 02 04 02 03 02 04 03 04 01 01 04 03 03 00 02 02 04 03 02 05 03 03 04 04 02 01 02 03 02 03 04 03 02 02 03 03 02 01 04 04 03 00 03 03 05 05 03 04 02 04 01 02 00 01 02 01 03 04 02 02 03 03 03 05 02 01 04 01 02 03 01 00 01 01 02 01 02 07 01 03 02 02 00 04 03 02 02 03 03 02 01 03 
20 15 06 00 09 34 30 03 09 28 09 07 05 02 02 04 01 03 03 05 02 04 05 01 04 02 03 02 03 02 03 00 03 02 02 02 02 01 03 05 01 04 03 05 03 03 04 03 05 02 03 01 05 04 02 04 03 01 03 04 03 03 02 02 04 02 00 03 01 02 02 03 03 01 03 04 02 03 07 02 04 03 01 05 09 04 06 06 00 03 00 02 05 04 02 03 03 03 04 02 
13 13 17 26 04 15 27 37 09 07 09 05 10 06 01 07 06 03 02 01 05 01 02 03 03 00 01 00 03 00 01 02 03 05 09 05 10 09 10 10 10 10 10 09 10 11 09 10 11 09 07 10 09 12 14 09 10 09 10 12 10 09 09 12 10 11 09 08 10 10 09 10 10 09 08 10 09 10 10 10 10 08 09 08 09 10 08 10 10 10 08 12 11 10 09 08 11 12 08 11 
12 20 07 10 08 01 04 09 02 04 04 03 02 02 04 06 01 02 04 06 04 03 03 03 02 05 02 00 03 02 03 01 03 05 04 04 02 05 05 02 02 00 05 02 04 02 03 03 04 02 03 03 03 04 04 03 03 03 03 05 01 06 03 02 03 02 03 03 05 03 03 01 01 04 02 01 02 01 03 02 03 04 02 03 04 02 03 03 03 02 01 04 04 05 03 02 03 04 02 03 
13 29 32 02 02 04 03 04 04 05 02 02 04 04 02 05 02 03 00 01 05 02 04 02 02 01 04 02 01 04 02 02 03 03 01 03 02 03 04 01 03 05 03 01 03 03 05 01 02 04 02 07 02 05 02 02 05 02 05 01 05 00 02 05 05 02 01 02 05 03 02 00 00 04 05 05 05 01 01 04 05 02 02 04 03 04 03 05 05 02 03 05 01 04 05 04 04 03 04 04 
23 31 10 15 06 27 26 12 16 15 06 03 01 01 04 02 05 01 01 03 00 03 03 03 02 02 03 02 01 02 01 03 04 03 03 01 04 04 01 02 02 01 05 03 04 00 02 04 02 03 03 02 04 02 03 03 02 02 01 03 03 01 03 03 01 05 02 04 01 02 04 00 03 03 06 02 02 03 03 04 05 03 04 04 05 01 02 01 02 03 04 02 02 00 04 02 02 03 01 01 
18 12 07 10 28 29 29 18 05 06 04 06 02 01 03 03 04 03 00 05 03 02 02 01 04 02 02 02 00 02 06 04 03 01 02 01 01 05 03 03 03 01 02 02 00 03 01 00 03 01 02 03 01 03 04 02 00 03 02 02 02 01 04 03 02 03 02 02 03 03 03 04 03 03 03 05 02 04 02 02 02 02 02 02 02 02 04 01 03 03 02 03 03 01 02 03 03 02 04 01 
23 23 13 19 04 26 32 09 16 14 02 03 06 02 06 03 01 04 03 03 01 02 00 02 00 01 01 02 00 04 02 02 04 03 04 06 02 03 02 01 04 04 05 03 05 03 03 01 02 03 01 01 05 01 04 05 04 01 03 00 03 03 01 03 01 00 03 02 02 03 02 05 01 02 00 03 03 02 01 03 04 06 03 03 05 04 02 02 03 05 04 01 00 04 03 00 04 02 04 03 
12 23 15 12 08 11 05 04 01 02 05 03 05 04 03 04 04 02 02 05 01 03 01 05 05 02 04 04 02 01 02 03 03 01 05 02 04 03 04 01 04 05 01 01 03 01 01 03 02 01 04 02 04 05 02 00 02 01 03 01 00 01 03 05 01 03 01 00 05 04 02 04 02 05 05 02 03 05 03 02 02 02 03 01 02 02 06 03 05 03 03 04 04 04 02 02 02 04 06 02 
24 09 09 14 30 25 08 04 06 06 02 02 03 02 03 02 06 06 03 08 01 03 04 04 03 03 02 02 03 02 02 05 00 03 03 01 01 02 04 03 00 04 03 01 05 06 04 01 02 01 04 01 03 02 01 01 04 03 04 03 04 03 02 04 03 04 02 03 03 03 01 04 01 03 05 03 03 02 02 01 01 05 00 04 02 03 01 02 02 07 05 02 03 02 04 04 03 01 04 02 
08 11 23 03 15 04 10 03 04 06 01 04 02 05 01 01 04 03 03 01 02 02 03 00 03 02 02 04 03 03 07 02 01 02 01 05 04 02 03 00 02 04 02 01 07 03 02 00 00 05 00 01 01 04 01 07 01 04 03 05 05 03 03 04 00 02 00 04 01 01 02 04 02 04 03 02 00 02 05 01 00 04 03 01 04 03 04 03 00 01 05 01 03 04 02 04 04 02 01 03 
19 21 33 29 07 06 05 02 01 04 03 02 01 03 03 06 03 02 01 02 04 02 04 02 02 02 04 02 01 02 00 02 06 02 05 02 03 03 06 02 04 00 04 02 02 01 03 04 03 03 01 05 02 03 04 06 02 03 05 03 03 02 04 02 02 03 02 06 01 02 06 03 06 07 02 06 03 05 02 01 04 02 02 05 01 00 02 03 02 02 04 06 02 03 04 03 03 00 02 02 
07 10 10 12 25 14 01 04 07 04 03 01 02 04 01 04 00 02 04 04 03 04 02 04 05 03 01 02 01 00 02 01 03 04 03 04 02 03 03 01 03 03 02 04 02 02 03 02 02 03 01 00 04 02 01 03 03 01 04 03 05 02 02 00 04 03 01 02 05 02 02 05 01 03 03 05 02 00 06 01 03 02 07 01 04 04 04 02 01 04 02 03 02 03 02 07 02 01 01 06 
06 01 08 12 03 07 05 07 03 06 08 16 05 05 02 01 04 03 02 04 01 03 03 03 02 02 02 03 02 03 05 02 04 02 05 05 01 00 03 02 03 03 03 04 04 03 02 04 02 06 04 01 03 04 03 04 04 02 01 05 04 00 02 02 00 06 02 02 02 03 01 03 03 05 03 01 01 02 05 05 01 03 03 03 01 03 02 03 03 05 05 06 03 03 02 05 02 01 03 01 
24 31 02 09 03 03 00 02 01 02 02 03 02 02 02 00 01 00 00 05 01 03 04 02 03 01 05 03 03 02 04 04 02 03 05 02 03 02 03 04 04 05 03 06 06 04 01 02 02 01 03 02 01 02 01 02 04 03 04 04 04 01 04 03 03 01 03 03 01 02 02 04 05 03 02 01 03 02 03 07 05 05 05 00 04 02 08 02 02 01 03 00 02 06 03 03 04 03 02 01 
24 13 06 20 07 26 09 11 24 24 22 28 22 05 05 03 07 02 05 01 01 02 02 01 04 03 02 01 03 01 02 06 02 02 04 03 02 03 03 06 06 02 03 01 01 01 00 02 03 03 01 00 06 03 01 04 04 02 01 03 03 04 02 04 03 00 04 05 03 05 03 03 03 06 03 06 06 07 08 02 04 04 02 02 07 06 02 02 03 02 04 03 03 00 04 04 01 03 04 02 
08 10 06 14 05 04 03 04 04 05 04 06 02 03 03 04 02 02 03 03 00 02 01 01 05 01 03 03 03 03 02 01 03 01 05 03 06 05 04 02 02 02 01 03 04 05 02 02 03 06 04 03 01 03 02 05 06 04 04 03 00 05 04 04 01 03 02 04 03 03 03 04 02 05 03 04 04 01 01 06 03 02 00 03 02 04 01 01 04 00 06 03 01 02 03 04 03 03 04 02 
06 11 03 04 09 10 02 02 03 03 04 03 02 01 02 01 04 03 02 01 03 05 02 01 00 04 04 06 01 04 00 01 03 03 04 01 05 04 01 03 02 02 03 02 05 04 04 01 03 02 01 03 00 06 03 04 00 01 04 04 02 01 04 06 03 02 02 03 01 04 02 04 02 04 03 03 03 03 05 02 01 03 04 03 02 03 04 02 01 02 04 04 02 04 06 00 02 03 01 02 
15 26 16 12 09 08 11 09 10 08 10 01 03 04 03 02 03 04 03 02 03 03 01 03 04 03 03 02 05 01 02 02 02 02 01 01 02 02 04 04 03 03 02 01 04 02 05 03 02 02 02 02 05 01 03 01 01 02 04 03 03 03 02 04 03 02 01 04 05 02 02 02 03 02 01 03 03 03 02 03 02 02 08 03 03 02 03 05 03 03 05 05 04 02 02 03 03 04 02 04 
20 25 28 31 36 05 08 08 11 08 09 07 06 04 05 04 06 00 02 00 03 02 06 05 01 03 04 02 03 02 01 05 05 05 02 03 03 01 01 02 02 02 03 02 06 03 03 01 02 02 03 03 03 04 04 05 04 02 01 03 01 03 04 04 03 02 01 02 01 01 02 03 01 04 03 01 00 04 01 02 03 02 02 02 05 04 02 00 04 01 02 02 02 03 04 04 02 02 02 04 
22 29 14 09 13 05 10 16 06 13 05 05 04 04 03 02 09 02 01 05 03 03 03 03 02 01 00 05 06 03 01 03 02 07 01 04 02 02 03 01 02 06 03 04 02 04 01 02 04 00 03 02 05 01 04 02 16 19 08 08 11 07 04 04 11 10 04 04 02 04 03 06 01 03 01 02 05 01 04 02 03 05 02 02 01 01 02 04 04 02 01 03 03 05 07 02 02 03 00 06 
11 14 12 34 20 05 10 11 03 03 02 02 06 03 03 02 03 05 02 04 04 04 01 04 03 06 03 03 01 04 02 03 04 03 03 01 01 02 01 03 04 04 04 03 00 05 01 04 02 03 03 03 03 04 03 03 02 04 03 02 06 04 03 02 02 01 02 04 02 05 01 04 03 04 03 05 02 03 07 05 03 01 03 05 03 03 05 05 05 03 04 03 02 04 02 02 02 00 02 03 
10 07 13 04 04 17 02 03 04 04 05 02 06 02 03 02 01 02 03 05 03 01 02 03 03 02 02 02 03 02 03 02 04 01 03 04 05 04 04 01 04 03 03 02 02 01 01 05 03 04 05 01 04 01 04 01 03 06 01 04 02 01 07 01 02 04 03 03 03 01 00 06 04 01 00 00 02 02 05 03 04 05 02 01 01 03 03 01 01 04 02 03 01 04 01 02 01 03 02 05 
22 31 27 29 17 20 15 19 23 09 08 27 13 10 11 43 23 05 02 04 05 19 06 04 05 07 04 07 00 03 05 03 02 04 01 04 03 02 04 03 04 02 02 04 04 03 01 04 04 01 06 02 03 03 04 03 05 03 02 03 04 04 02 06 04 03 03 03 01 03 07 03 05 03 02 00 00 03 00 05 03 05 01 06 01 02 00 02 01 02 03 01 01 01 00 04 02 03 01 03 
11 06 09 02 15 08 05 02 04 14 03 01 04 04 02 03 04 01 03 02 00 02 01 02 02 03 06 02 02 02 01 02 06 02 01 03 04 03 03 00 03 02 03 03 02 03 05 02 03 02 03 02 04 05 02 05 04 02 03 02 03 02 00 00 02 05 04 02 04 02 03 07 02 03 05 06 02 03 01 02 04 00 01 03 06 02 04 02 03 05 01 01 03 05 02 02 03 03 00 00 
26 19 18 10 33 21 26 14 13 11 04 05 04 02 06 02 01 02 01 03 02 04 04 02 03 02 03 02 02 02 03 03 03 03 02 03 02 05 03 01 02 03 03 03 05 04 01 01 02 02 02 02 02 01 04 03 02 02 02 01 04 01 05 02 02 02 01 02 00 05 03 00 01 02 03 02 03 03 02 01 02 04 01 05 04 03 04 02 01 02 02 02 02 05 02 02 05 03 01 05 
14 14 21 20 14 04 15 14 06 10 05 09 11 13 10 17 18 08 15 07 03 02 02 01 01 00 03 02 03 07 04 05 03 02 01 03 03 03 02 03 04 04 02 03 04 02 03 03 04 01 02 01 03 02 02 02 03 00 04 01 04 01 04 03 04 03 04 06 02 03 05 01 01 00 03 02 03 01 04 04 04 04 02 02 02 01 03 04 07 06 04 00 04 00 00 01 03 04 03 02 
18 10 31 06 01 31 24 11 08 23 11 06 05 04 05 08 08 08 06 03 06 04 02 03 03 02 03 03 03 04 02 02 03 01 04 05 04 03 03 03 05 03 03 05 01 02 05 02 03 01 01 06 04 05 02 01 02 03 01 03 06 01 03 02 03 03 04 03 05 05 03 03 07 01 01 02 03 02 03 02 02 03 02 01 06 03 03 01 04 03 02 02 03 03 04 01 02 03 04 05 
23 17 19 13 27 25 19 17 29 05 09 05 07 04 08 07 07 08 08 03 05 03 04 02 01 03 02 02 06 02 05 00 03 03 02 03 02 03 04 01 02 01 02 02 03 02 03 03 03 04 03 02 04 01 04 03 04 03 02 03 06 04 01 01 03 03 06 02 03 03 02 01 03 06 02 03 05 04 03 04 06 05 03 06 02 02 04 01 02 01 01 02 04 03 01 01 03 00 05 04 
13 15 12 14 07 09 11 10 04 10 15 02 04 08 03 01 05 01 04 03 05 05 01 04 02 06 04 03 02 03 04 01 01 03 06 00 01 00 01 04 05 01 03 04 01 01 03 03 01 02 02 02 03 04 00 01 02 05 02 03 02 04 04 03 00 02 04 02 03 02 04 02 03 01 06 00 06 05 01 02 04 06 05 06 00 04 02 03 02 05 03 04 03 03 02 04 01 03 02 03 
14 10 08 00 07 06 08 17 01 07 03 03 02 00 03 03 03 03 03 03 01 02 03 04 03 03 02 03 05 05 04 03 02 04 04 04 03 02 02 02 01 01 02 01 01 01 05 04 04 03 01 01 02 03 02 03 03 04 03 04 01 01 04 03 02 01 01 02 00 01 03 02 01 01 03 01 05 02 03 01 02 02 04 02 01 02 02 06 03 03 02 02 04 04 01 03 04 02 03 02 
17 12 14 21 06 10 04 10 14 08 05 04 11 07 01 03 03 03 03 01 02 04 05 01 03 04 01 02 07 05 01 00 03 05 00 04 06 04 02 04 02 05 01 03 03 05 07 05 03 03 01 02 07 02 04 03 02 02 01 02 02 04 03 04 02 07 02 04 02 01 01 01 04 02 02 03 03 01 03 03 00 04 01 04 03 02 05 04 05 02 04 04 05 05 01 05 04 00 03 06 
08 35 17 14 08 02 01 03 11 09 08 11 04 02 01 03 02 00 01 01 02 02 07 01 01 02 01 02 05 04 02 02 03 05 02 04 04 01 02 03 02 05 03 03 03 01 03 02 06 04 03 01 03 03 01 01 03 04 01 03 02 04 03 02 02 00 01 02 01 02 06 02 03 01 02 01 02 04 02 01 02 06 04 05 06 02 02 01 02 01 02 03 04 01 05 02 04 04 06 00 
11 20 10 06 10 07 14 10 02 08 00 04 04 01 02 04 02 05 02 00 01 01 01 01 01 05 06 06 02 02 01 02 03 01 04 03 06 06 07 02 02 01 03 05 02 02 01 01 04 03 03 06 01 02 04 04 02 01 02 02 01 03 06 02 03 04 02 01 04 04 04 04 03 02 06 04 05 02 04 01 05 00 07 02 03 02 02 02 01 02 01 05 04 02 05 03 01 04 04 03 
20 24 27 24 31 20 04 12 21 10 07 07 02 02 01 03 04 01 04 04 02 03 03 01 02 03 03 03 02 03 03 04 05 04 06 04 00 03 01 05 02 03 04 02 01 03 05 02 04 05 03 04 05 01 03 02 03 05 02 03 02 04 03 02 00 01 04 03 05 03 02 03 04 02 03 03 03 02 02 02 02 03 04 02 01 05 02 02 05 06 02 04 04 03 02 02 06 01 05 04 
07 08 03 00 06 03 03 06 02 02 07 02 05 05 03 05 01 05 02 03 24 16 10 06 04 02 01 04 01 04 03 05 01 05 04 02 05 04 01 04 02 03 02 02 00 02 01 02 02 02 02 04 03 03 06 02 03 03 04 02 03 03 05 02 05 05 05 07 03 01 01 00 04 03 01 00 03 01 00 02 05 02 01 00 02 00 05 03 02 07 02 02 05 02 00 07 05 04 01 02 
07 18 22 19 08 08 05 01 09 09 06 02 04 02 06 02 03 02 03 05 05 00 03 02 03 01 04 02 04 02 02 01 06 03 05 01 06 02 03 03 04 04 02 04 05 03 04 05 02 04 01 03 03 03 03 03 03 01 03 02 05 00 03 03 04 03 02 00 01 03 03 05 03 01 03 03 01 04 02 01 03 04 03 01 01 04 00 03 04 04 05 02 03 02 04 02 03 02 02 04 
28 32 22 28 20 28 21 06 11 02 02 06 04 02 02 02 02 05 02 01 05 03 00 06 04 01 05 01 01 02 03 04 03 03 04 02 02 03 03 01 03 03 00 04 01 01 02 02 01 06 03 04 02 03 03 01 04 04 02 05 01 01 02 03 00 00 02 04 04 03 01 03 01 04 02 03 01 03 05 04 02 06 01 02 02 02 02 04 03 03 02 04 04 03 01 03 06 05 04 02 
13 25 10 06 08 17 15 06 10 15 01 03 05 03 04 02 03 03 03 03 03 01 02 00 01 02 05 03 07 03 02 00 03 03 00 05 02 05 03 03 05 03 01 04 03 02 03 03 02 03 01 01 06 03 06 03 06 02 04 02 04 05 04 05 05 03 04 02 02 04 03 04 03 02 04 03 03 03 03 01 01 04 04 07 03 04 06 02 02 03 04 04 04 02 02 04 02 04 04 00 
25 16 13 16 12 17 26 14 09 04 09 26 21 08 14 04 05 04 08 02 03 04 03 03 03 03 02 04 02 02 02 05 02 02 00 03 03 03 04 03 02 01 03 03 06 00 05 02 00 04 03 00 06 05 04 07 03 04 05 02 02 05 01 02 02 02 02 02 04 03 03 01 04 02 00 03 02 04 01 03 04 01 02 04 02 04 03 04 04 02 02 05 03 01 04 04 04 03 02 04 
13 09 18 07 08 12 05 02 02 04 04 01 04 06 02 03 03 04 01 02 02 02 01 03 01 02 04 02 02 05 00 02 04 03 01 06 02 04 03 01 02 04 04 06 07 07 02 01 07 02 02 02 04 05 01 04 05 05 02 02 02 01 05 01 03 04 02 03 00 01 03 05 02 06 03 02 04 06 02 02 00 02 04 02 04 07 02 02 04 03 01 02 00 04 02 02 02 03 04 01 
17 01 13 24 14 02 15 03 12 10 03 03 06 05 04 02 09 03 03 03 05 03 02 04 04 03 02 00 03 01 05 04 02 03 02 03 02 04 02 03 01 04 01 03 07 03 00 03 02 04 03 01 03 01 03 03 02 01 01 01 06 05 04 02 00 01 04 02 04 03 02 05 02 04 04 02 01 02 04 03 06 08 02 03 02 05 01 02 01 02 02 02 02 04 02 00 04 03 01 04 
04 07 17 09 06 12 06 12 04 05 05 07 03 01 03 04 02 00 03 01 03 01 02 02 03 00 03 05 02 01 01 01 01 04 03 03 04 05 05 07 04 02 03 06 02 03 05 04 02 00 02 02 03 02 02 04 01 02 01 04 00 05 03 03 02 03 04 00 01 01 02 00 05 03 04 04 02 04 04 05 02 05 03 02 03 03 03 04 04 03 02 01 01 01 02 03 00 02 04 02 
10 03 11 21 08 09 04 03 05 07 01 01 02 02 02 04 03 04 02 03 04 04 05 05 05 02 04 03 03 01 04 01 04 01 06 06 03 02 02 03 01 04 01 01 01 02 04 01 04 03 02 02 01 02 04 02 02 06 00 05 03 03 02 02 02 04 03 04 01 01 01 01 03 01 02 05 02 03 02 04 03 02 03 05 02 04 02 02 01 02 04 02 01 03 02 02 05 02 02 04 
08 07 07 11 17 09 08 05 02 03 04 00 02 06 04 04 01 03 05 02 04 04 03 06 01 03 04 02 04 01 02 03 01 00 02 02 03 04 02 02 01 02 04 05 03 02 02 04 05 05 03 05 02 03 02 04 04 00 04 00 05 05 03 03 01 04 01 03 01 06 03 02 04 01 03 01 03 05 03 03 01 03 05 04 00 03 00 01 00 01 00 05 02 01 06 02 03 06 04 04 
20 05 10 08 14 19 29 11 18 14 07 11 04 05 05 03 00 03 01 04 03 03 04 03 00 02 06 01 00 03 06 02 01 03 04 02 03 03 03 04 03 03 04 03 02 01 07 03 02 05 01 03 03 04 03 01 06 02 01 02 04 04 02 04 04 02 03 02 01 03 04 02 02 01 03 02 01 07 03 04 02 01 03 02 04 02 04 03 01 04 01 00 03 05 03 00 03 05 05 03 
28 26 05 26 17 13 17 15 11 05 04 01 00 00 02 03 03 02 03 05 05 02 06 01 01 02 01 02 03 03 03 03 04 05 04 02 05 01 03 05 05 06 04 05 05 04 03 02 02 02 02 06 02 01 02 01 02 02 02 03 02 01 02 05 04 01 00 03 03 03 03 01 01 01 02 03 03 05 07 06 07 01 01 03 01 04 01 02 02 01 01 06 00 02 02 01 00 04 03 04 
24 24 16 10 18 24 02 14 07 06 03 05 10 11 11 05 10 28 15 08 06 03 06 05 06 02 03 01 03 03 02 04 06 01 03 04 03 01 05 04 01 05 04 04 02 00 03 01 02 03 01 04 02 02 06 01 04 03 04 05 02 02 02 03 02 08 03 01 02 03 06 01 03 01 05 02 03 04 03 03 02 02 02 03 04 04 06 03 00 02 02 04 04 04 02 02 01 03 00 02 
28 30 32 14 18 24 15 10 12 11 17 14 06 13 18 34 36 14 31 40 12 18 14 04 03 02 01 06 03 02 02 00 02 03 03 00 03 03 04 03 02 03 02 03 03 01 02 02 04 05 05 02 03 01 03 01 01 02 02 05 01 01 02 03 01 01 01 02 04 03 00 03 02 04 03 02 06 03 06 00 02 05 07 02 06 04 05 03 02 04 02 02 02 03 04 02 02 04 02 04 
30 37 33 27 37 27 06 08 06 10 13 09 07 04 07 03 02 01 01 02 01 05 02 04 07 02 05 02 02 03 03 04 02 01 04 05 05 03 03 02 02 04 01 02 01 02 02 07 03 03 02 03 01 00 02 05 03 04 02 00 03 00 04 03 05 03 03 04 00 03 03 03 02 05 03 03 04 00 05 03 04 03 04 03 03 04 02 02 03 03 01 03 02 04 02 02 02 03 01 05 
14 17 18 10 10 14 18 22 22 05 10 17 19 10 14 06 07 08 17 22 06 06 02 03 02 07 04 01 01 02 03 03 01 03 01 01 03 02 05 01 03 05 01 03 03 04 04 06 01 04 03 02 04 01 02 03 03 00 02 05 00 03 02 02 01 01 04 03 03 02 03 00 01 03 03 00 03 02 04 02 01 05 05 06 04 02 03 04 04 03 05 01 03 05 03 04 01 03 03 02 
11 08 05 11 12 02 06 12 07 05 05 02 02 04 03 02 05 04 02 03 01 04 02 01 02 05 04 02 04 02 01 02 06 04 03 02 02 03 03 04 02 03 04 02 04 05 03 02 04 05 03 03 01 06 01 02 05 05 03 03 02 01 03 05 02 02 03 04 04 05 10 05 06 06 08 09 05 10 09 09 05 03 03 03 02 05 04 03 07 09 05 09 07 04 04 05 05 04 02 08 
08 13 13 26 10 12 11 24 27 23 08 01 02 02 01 04 04 02 04 01 03 05 04 02 02 03 01 02 04 01 04 00 02 03 05 01 02 02 04 02 02 03 03 03 02 02 03 02 03 03 04 01 04 04 00 03 02 02 02 03 02 02 02 03 04 03 04 01 04 03 01 05 04 06 02 02 08 02 02 04 03 02 04 02 03 02 03 03 02 00 01 03 04 02 04 03 04 01 03 02 
25 23 22 18 07 09 13 11 26 11 06 11 33 24 10 11 13 05 19 18 15 29 23 12 06 07 04 06 04 01 03 06 03 06 02 07 03 05 06 06 05 01 03 03 03 02 02 01 01 02 00 01 05 01 01 01 00 05 05 04 02 05 02 05 01 03 03 03 03 03 04 05 03 01 02 03 02 03 03 04 03 03 02 01 03 03 06 00 04 01 01 03 03 03 05 05 03 03 03 04 
17 33 21 09 04 04 03 03 12 06 03 01 02 04 04 02 03 04 01 05 01 01 03 01 03 02 04 03 03 03 03 01 01 03 02 04 02 04 04 03 04 03 01 05 00 02 01 04 03 04 02 03 03 02 06 01 01 02 01 04 04 04 01 02 03 05 01 01 04 04 04 01 04 02 01 02 01 05 03 02 03 01 02 02 03 05 02 02 05 04 04 02 03 04 03 04 01 03 02 03 
18 07 18 03 12 05 03 06 07 03 05 03 02 03 03 06 05 03 05 08 07 06 04 06 03 03 05 03 08 00 04 02 03 02 03 00 06 03 05 02 05 05 03 00 01 02 01 02 02 03 02 05 00 02 04 03 01 01 02 05 02 04 02 02 04 04 05 02 02 02 04 03 05 04 01 05 02 00 05 03 02 04 03 03 02 03 05 04 03 00 01 06 02 03 02 02 02 04 02 04 
23 27 34 24 20 16 27 25 10 23 01 08 01 03 01 02 04 02 03 04 03 03 01 04 03 06 02 04 01 03 03 02 03 05 03 03 03 03 02 04 02 05 03 04 01 02 03 04 03 03 02 01 01 03 02 03 03 07 02 04 04 02 02 05 02 01 02 04 04 03 02 03 03 03 01 04 05 04 02 05 01 01 00 02 02 03 06 04 02 05 02 06 02 04 01 03 02 03 05 03 
22 39 29 36 17 08 21 21 13 11 00 08 02 05 03 02 06 03 08 10 05 05 03 04 00 02 02 03 04 03 03 00 02 04 04 04 04 03 00 03 01 02 03 02 01 02 03 00 02 04 03 04 05 05 04 03 03 02 00 02 00 03 00 02 02 01 00 03 04 01 04 04 02 02 02 05 03 03 04 05 03 00 01 04 00 01 04 02 05 02 04 03 02 01 03 05 01 07 04 05 
10 04 11 05 07 15 20 07 07 06 05 08 08 06 07 01 02 05 01 00 05 03 04 03 05 04 03 04 01 04 01 01 01 00 02 06 02 04 02 03 01 02 04 01 04 04 03 00 06 02 05 03 01 02 04 02 04 02 02 01 02 01 02 02 05 02 04 01 04 02 04 01 02 04 01 03 02 00 02 00 03 02 02 02 02 04 04 03 02 03 04 02 02 04 02 04 05 02 02 02 
13 10 09 11 07 08 03 02 03 02 07 03 04 05 02 01 00 06 05 04 02 03 02 02 00 03 02 04 01 02 02 02 05 02 02 05 02 01 03 02 05 03 03 03 05 01 02 04 03 04 07 04 04 02 01 03 05 01 02 03 03 00 02 05 05 04 03 06 03 04 03 02 02 04 03 05 03 02 03 01 01 06 02 05 01 04 02 05 03 00 00 03 02 05 05 02 01 00 03 03 
06 06 07 02 12 06 06 05 04 04 00 00 03 03 02 03 04 03 04 04 04 02 03 03 03 05 01 05 06 04 04 02 04 04 01 02 04 05 01 03 00 02 02 02 03 03 03 03 03 04 05 04 00 00 02 03 01 02 09 03 02 04 00 03 03 01 05 02 03 02 01 03 02 00 04 04 03 04 03 03 02 03 04 04 02 02 04 04 05 01 01 03 04 01 03 03 02 02 04 02 
08 04 04 06 06 03 05 02 05 04 04 01 03 05 02 02 05 06 07 05 04 03 03 02 02 02 04 03 03 04 02 02 01 00 04 03 01 05 02 01 02 02 03 01 03 04 02 04 03 03 02 05 05 01 02 04 03 01 00 02 01 02 03 02 01 00 04 03 02 01 04 03 03 05 03 01 02 00 01 01 04 04 03 00 09 02 01 02 03 05 02 04 02 03 01 02 05 01 03 02 
12 03 13 20 19 06 09 07 06 10 02 06 02 03 03 01 02 05 02 02 03 03 02 05 03 04 03 01 04 04 01 03 04 02 02 02 02 04 06 01 03 01 04 00 05 01 02 01 02 03 03 02 01 04 01 03 04 02 01 03 01 03 05 03 03 02 02 01 02 02 03 01 02 02 03 03 03 04 04 02 07 04 03 03 02 03 05 04 03 03 01 08 04 03 03 00 03 02 05 03 
11 02 04 03 05 05 04 03 03 02 02 02 06 03 05 03 05 03 03 02 03 03 02 03 04 02 02 02 03 02 03 01 03 02 04 13 02 04 01 02 04 02 04 02 03 02 02 03 05 02 07 01 00 04 03 02 03 03 10 01 06 03 02 03 05 03 03 04 01 05 02 04 06 02 02 02 06 03 05 03 05 01 07 05 02 07 02 05 03 03 03 04 03 06 05 03 03 03 03 02 
15 08 01 07 07 07 06 01 05 02 00 02 05 02 02 01 04 02 03 03 04 01 03 03 04 01 02 01 03 04 02 03 03 04 05 04 03 01 01 03 03 02 03 03 04 04 03 01 02 03 03 02 03 07 04 02 02 05 07 00 03 03 02 02 05 02 03 03 02 03 03 03 04 04 01 05 02 03 03 02 05 04 02 02 03 02 03 02 02 02 07 03 04 02 03 05 03 04 05 03 
14 10 07 08 06 02 07 05 03 04 04 03 03 03 04 01 02 03 02 02 04 04 05 04 01 02 00 02 01 05 03 02 02 02 02 00 06 03 01 03 03 02 02 02 03 04 02 05 01 04 05 03 02 02 01 05 03 01 01 02 04 03 01 02 04 03 02 04 03 02 02 02 03 04 01 03 06 02 04 05 01 03 03 01 03 04 03 04 05 02 04 02 01 01 02 02 02 07 05 02 
04 13 06 12 05 07 08 05 05 03 04 01 03 03 02 07 02 01 05 04 03 05 07 05 01 02 02 01 02 03 03 01 05 04 06 04 04 03 01 03 02 02 03 01 01 04 01 02 02 03 03 04 01 04 03 02 01 04 05 02 01 00 03 03 02 02 05 01 03 03 02 05 03 02 03 03 04 03 03 04 01 04 04 03 06 05 06 03 05 02 02 03 00 02 00 02 05 02 02 02 
02 09 04 03 03 08 05 07 06 06 04 07 01 04 04 04 03 06 04 04 04 04 03 03 03 05 04 03 04 05 05 01 05 03 02 01 01 04 00 04 01 04 02 03 04 02 02 03 02 01 02 02 02 03 01 01 02 02 02 02 02 03 05 04 02 02 00 05 02 03 04 03 03 04 06 02 02 01 01 02 04 04 02 03 01 03 02 03 02 03 04 01 03 03 02 01 04 00 03 01 
21 27 21 19 16 21 12 16 03 06 07 03 10 04 02 03 02 03 02 03 03 04 03 02 04 02 01 06 03 01 02 01 03 01 01 01 05 00 04 03 02 02 03 02 04 02 06 03 04 02 02 02 03 04 04 03 02 01 02 04 04 01 04 05 04 03 01 04 03 02 03 00 04 02 00 05 02 03 02 03 01 02 02 04 03 03 03 06 02 03 04 04 03 00 01 04 05 05 03 00 
04 06 04 11 02 05 03 03 03 05 06 06 02 03 02 03 01 01 04 01 04 05 02 02 05 02 03 02 02 04 02 02 02 01 03 02 01 05 03 03 06 01 04 04 09 02 05 03 00 01 02 02 04 05 01 04 03 03 04 01 05 02 01 03 03 05 03 02 02 00 02 03 02 02 03 02 05 02 03 01 03 02 06 06 03 05 04 02 05 05 03 01 03 03 02 02 04 04 03 02 
17 32 26 12 04 07 07 13 02 05 02 01 05 03 03 03 01 02 05 05 02 01 04 02 03 08 03 01 05 04 03 02 03 02 01 04 02 02 02 03 03 03 01 01 01 03 05 04 04 02 06 04 01 02 02 04 03 02 04 01 03 02 01 05 01 04 05 04 02 05 03 01 02 04 03 04 02 00 03 01 07 03 02 04 03 03 02 05 00 03 02 01 03 02 02 02 02 03 02 03 
10 04 08 07 03 03 03 04 02 06 04 05 03 07 04 05 02 03 03 03 02 06 05 04 03 03 15 00 02 04 07 02 02 06 02 04 05 03 02 05 02 04 05 04 04 02 04 03 02 04 02 05 04 04 04 04 01 01 00 03 05 02 01 02 01 02 02 02 03 03 03 02 03 03 01 02 03 04 00 04 00 01 06 03 06 01 03 03 02 03 01 01 00 05 02 01 01 03 03 02 
09 18 16 11 16 20 10 07 10 06 09 05 07 02 04 03 01 04 03 05 06 07 01 03 01 03 03 03 03 04 04 03 03 02 03 02 03 04 02 03 02 00 04 06 01 04 03 03 02 02 05 01 02 04 02 02 02 04 02 03 02 05 01 02 01 00 00 02 03 06 02 04 03 01 02 04 02 03 07 02 01 04 07 02 02 01 01 03 03 05 03 02 02 02 01 03 01 01 00 01 
04 09 11 05 04 17 14 04 03 02 06 05 01 04 02 05 05 05 02 02 03 05 02 08 02 01 00 01 03 02 02 02 03 00 02 00 02 02 02 03 03 04 05 04 02 04 00 04 02 03 04 03 03 03 05 04 02 03 02 04 03 01 03 03 02 02 02 05 02 03 02 03 05 03 05 04 01 07 03 01 01 03 05 05 02 02 04 03 07 02 02 06 02 02 03 05 04 02 01 03 
10 09 08 05 07 10 07 04 01 03 01 03 04 04 04 03 02 01 03 04 03 02 02 01 02 03 02 03 04 03 02 04 02 00 02 05 03 04 03 01 06 05 01 00 03 05 06 05 02 06 03 02 03 06 04 03 01 01 03 05 02 01 06 04 07 01 04 03 02 01 04 03 05 04 05 04 04 02 03 03 03 03 04 02 02 00 00 03 02 01 01 01 01 03 06 03 04 02 02 01 
14 03 16 16 13 19 06 01 05 03 03 02 04 03 05 01 02 03 04 01 02 04 00 04 01 03 00 02 01 04 05 04 02 02 02 04 02 03 05 01 02 02 03 04 01 06 02 02 01 01 03 04 00 02 04 03 02 02 01 03 02 02 03 02 02 04 03 04 02 01 04 02 02 04 02 00 03 02 02 03 02 01 00 02 02 01 02 02 02 02 03 03 01 01 02 02 00 03 04 04 
07 03 04 02 04 23 04 03 02 04 05 01 03 03 03 06 04 02 02 03 07 01 02 04 05 02 02 07 02 02 04 02 04 04 01 01 02 02 03 02 05 02 03 01 05 01 03 03 04 02 01 04 04 03 05 02 04 00 04 04 04 00 04 02 02 03 04 05 02 06 03 05 02 01 03 04 03 02 00 01 03 01 01 06 03 03 07 05 02 04 03 04 05 02 01 00 02 02 02 03 
16 16 07 07 03 09 05 01 02 02 11 05 04 01 01 02 03 05 06 01 02 02 03 05 04 01 03 02 04 02 06 03 00 03 03 03 02 03 04 02 01 01 00 05 05 01 03 04 01 01 00 03 02 02 02 02 03 02 01 05 03 05 04 03 03 02 04 01 03 03 04 01 03 02 01 04 04 03 01 03 03 03 03 03 01 03 02 01 02 02 05 02 03 03 02 01 04 02 03 03 
15 04 04 08 16 06 08 04 07 04 03 02 04 04 02 04 02 04 03 08 01 02 04 05 04 02 02 00 03 01 01 04 01 03 02 03 02 05 05 02 04 02 03 04 03 03 06 02 05 07 02 04 02 04 02 02 04 00 04 05 04 02 03 03 04 04 04 01 05 01 03 03 02 03 00 04 04 03 02 00 03 03 03 00 03 03 03 00 03 00 03 03 04 02 02 01 03 03 03 00 
08 09 21 09 05 07 10 04 04 05 05 07 05 04 02 02 02 01 03 05 05 05 03 04 03 02 03 05 05 07 07 09 04 03 04 05 01 05 04 05 05 03 01 05 01 02 01 01 02 04 05 02 01 03 01 01 03 01 03 02 02 03 01 04 01 04 03 02 02 02 03 03 03 03 04 03 03 00 03 04 05 00 07 00 02 04 03 06 04 03 02 03 04 01 02 03 03 04 01 02 
08 14 18 04 04 07 07 01 03 04 04 06 03 02 03 02 02 02 03 09 03 01 03 05 03 04 01 00 01 02 01 02 04 03 00 02 03 02 02 01 04 02 03 03 03 05 03 06 03 04 03 08 01 03 01 04 04 01 04 04 04 06 02 02 02 02 01 04 03 02 03 02 04 03 07 04 02 04 02 03 03 03 04 03 02 02 00 00 02 02 04 03 09 01 01 02 00 04 06 01 
10 12 02 03 04 02 04 05 05 03 01 01 05 05 01 03 04 01 03 02 01 00 00 04 02 03 02 02 01 03 04 02 04 05 06 05 03 05 02 01 05 04 09 04 02 03 00 06 04 04 06 02 01 03 04 05 03 03 02 04 04 03 02 01 04 02 03 03 02 01 07 02 02 01 02 10 02 04 02 05 04 03 03 05 02 03 02 04 04 01 06 03 01 02 03 01 04 04 03 02 
26 19 04 15 06 04 04 04 05 03 02 03 03 06 03 03 03 01 04 06 04 01 02 04 05 05 03 03 02 02 04 03 06 04 06 04 03 03 02 02 02 02 06 03 03 02 03 03 03 03 04 03 05 04 02 03 03 03 02 03 01 03 05 01 01 03 02 04 00 02 04 02 03 01 05 02 01 03 02 04 04 02 02 01 05 04 04 02 03 02 02 01 03 03 01 05 03 04 03 03 
11 08 12 10 05 13 03 03 02 03 06 02 03 05 03 09 04 02 02 01 03 03 03 03 04 02 05 05 06 03 05 01 03 02 03 01 02 02 02 04 03 01 03 02 06 06 00 06 02 04 02 05 03 04 04 02 03 03 05 01 03 03 02 03 03 05 02 02 03 05 01 02 03 01 03 02 04 00 01 04 03 05 04 01 02 01 02 03 06 04 01 05 01 04 03 05 03 01 01 03 
14 20 09 04 02 10 04 04 02 02 02 03 06 05 04 09 07 02 05 05 01 02 04 05 00 03 02 04 04 04 04 01 06 02 03 03 03 01 01 02 02 03 03 02 05 03 03 03 01 02 03 03 04 01 03 03 00 03 03 02 04 04 03 05 08 03 02 01 02 03 03 01 03 06 04 02 01 04 02 02 04 03 04 02 04 03 04 01 01 03 03 04 04 06 00 03 02 03 03 04 
11 32 19 23 28 30 23 23 08 17 09 12 11 09 05 06 06 05 05 06 03 03 05 01 04 08 03 03 00 03 02 05 01 02 04 01 07 02 06 02 06 01 00 02 03 04 04 02 03 03 03 03 01 04 01 02 04 03 02 04 05 02 01 03 01 04 03 03 04 01 03 03 03 00 03 01 01 06 03 02 02 02 02 01 04 01 02 03 02 02 04 04 04 05 03 02 03 01 05 03 
16 12 14 24 09 10 02 04 13 05 09 03 01 03 02 02 03 04 02 02 03 04 02 02 03 00 03 03 04 04 01 04 03 03 01 01 02 00 01 05 02 03 03 03 02 04 02 03 04 03 02 02 03 01 03 02 07 03 02 06 03 03 02 01 02 02 03 03 03 03 02 03 02 03 03 02 03 02 03 02 03 01 02 05 06 04 01 03 03 03 03 03 01 04 00 03 05 03 04 01 
17 09 04 07 04 01 04 05 02 03 06 03 02 05 03 03 05 02 03 05 01 01 03 01 04 04 03 03 05 00 04 05 08 03 04 06 05 02 05 02 03 02 06 02 02 03 04 03 01 03 05 01 00 02 02 02 02 03 03 02 03 03 02 03 04 02 06 03 03 02 03 02 03 03 02 03 03 05 05 05 05 02 01 03 04 03 01 01 01 03 02 03 04 03 06 02 01 03 03 02 
08 15 11 12 06 14 07 05 06 06 01 06 03 01 02 02 01 05 05 03 04 04 03 01 03 02 06 05 04 02 06 02 02 03 04 02 04 06 04 01 01 01 03 04 02 04 02 03 04 03 02 01 04 03 05 03 01 05 03 01 05 04 02 05 04 01 02 01 04 01 03 07 02 01 03 04 03 03 03 07 02 03 02 02 03 01 03 08 05 04 01 04 01 02 04 01 02 03 03 03 
15 20 15 11 06 05 08 01 02 02 02 02 03 03 04 03 03 00 06 04 04 01 03 04 02 02 05 03 02 03 03 02 03 06 02 04 02 04 03 05 03 06 02 03 04 01 01 03 04 01 02 01 02 05 02 04 03 00 04 01 03 03 01 02 01 03 03 06 03 02 01 02 02 02 02 02 05 03 02 01 03 01 02 02 02 02 02 03 03 03 03 04 05 04 03 04 06 02 03 02 
09 07 02 05 03 07 06 02 02 01 02 04 01 01 01 06 02 03 03 06 03 03 04 05 04 04 02 01 02 03 04 04 02 00 05 04 04 02 02 03 05 01 04 02 03 01 03 02 01 04 05 04 02 03 01 05 02 02 03 03 04 02 00 02 03 02 02 02 05 03 05 01 02 03 03 04 03 03 03 04 04 04 04 02 03 01 03 02 07 02 02 04 02 07 01 00 02 01 02 03 
09 09 13 05 15 17 11 04 01 04 04 04 08 02 04 02 04 03 01 02 04 02 04 02 00 02 00 02 01 05 02 01 04 05 00 01 03 04 04 03 01 05 04 02 01 06 04 05 06 04 04 01 02 00 02 03 05 04 03 02 02 01 03 04 02 02 03 02 00 05 04 00 03 02 03 02 03 03 03 04 05 04 04 02 02 04 02 02 06 04 00 06 01 01 04 01 03 03 04 04 
15 11 10 12 08 10 04 12 21 08 06 04 05 05 06 03 03 05 04 02 04 03 01 04 04 01 03 04 03 05 03 05 06 04 02 02 01 02 01 03 02 02 03 02 03 03 03 06 02 03 05 02 05 03 04 03 05 01 01 03 03 01 04 02 02 01 03 04 05 05 06 01 02 03 05 00 03 06 03 03 02 00 06 03 03 02 03 03 02 05 06 03 04 05 02 03 03 03 06 03 
17 21 25 18 09 08 27 13 06 27 14 09 08 05 04 06 02 03 01 06 01 04 00 07 04 02 03 04 04 06 03 01 02 01 01 03 03 01 05 02 04 05 02 03 04 03 06 03 03 04 03 01 03 04 03 03 02 01 01 04 03 05 07 02 01 03 03 03 05 04 04 03 05 02 02 02 03 03 03 02 03 04 03 03 02 04 03 02 05 05 02 03 02 01 05 03 03 02 02 02 
06 08 07 06 05 05 12 03 04 02 02 02 01 05 02 03 05 03 03 01 02 04 03 05 00 03 04 01 01 03 01 01 02 04 02 03 02 04 04 03 01 03 02 04 03 04 01 04 02 04 04 03 04 03 03 03 04 01 03 03 01 01 02 01 01 01 02 05 02 01 02 01 01 04 00 03 02 03 02 04 06 05 03 03 02 02 00 02 01 03 03 02 04 04 03 03 01 01 03 02 
09 06 02 06 07 07 04 04 04 05 05 07 03 06 04 04 06 02 02 01 03 01 05 03 03 02 04 04 01 01 01 02 03 03 05 04 02 03 03 03 05 02 05 07 06 05 02 03 01 02 04 04 04 00 05 02 02 02 02 04 03 02 02 05 01 00 01 04 04 01 07 01 04 03 02 04 04 03 02 02 01 05 02 02 01 02 02 01 02 02 05 05 03 04 04 04 05 05 00 03 
21 12 09 02 03 03 04 03 02 03 02 04 04 04 02 03 03 02 07 05 07 05 06 00 04 04 05 03 03 02 02 05 02 03 02 04 02 03 03 02 02 04 04 03 07 04 02 03 03 05 05 01 03 02 02 01 02 05 02 03 01 01 01 02 05 04 04 02 07 04 05 02 02 03 02 01 02 09 03 03 06 03 01 04 03 02 03 02 09 01 04 03 05 02 04 05 01 05 01 04 
07 20 18 08 08 05 03 04 07 01 09 03 03 03 05 04 05 02 04 08 01 01 04 01 03 02 04 04 03 02 01 03 00 03 00 04 02 03 01 01 03 04 02 01 00 00 03 02 04 04 01 04 02 01 02 03 02 03 05 02 03 02 03 03 04 01 02 02 02 01 00 01 03 02 02 01 03 02 04 02 02 02 03 01 01 03 01 06 02 05 04 01 04 04 01 03 02 05 01 04 
20 16 05 07 06 13 06 02 05 10 09 05 05 04 05 02 01 03 04 03 04 05 02 05 03 02 01 03 01 06 05 05 02 03 01 06 03 02 01 02 02 05 03 04 02 04 03 03 02 03 08 03 01 02 02 01 06 03 01 05 04 01 02 02 03 02 02 02 03 03 05 03 07 05 04 04 04 04 05 04 00 05 02 03 02 01 03 03 03 03 02 02 03 04 02 03 04 01 04 02 
