10 08 06 05 05 10 04 07 02 01 02 02 04 05 04 06 03 04 10 00 01 04 03 04 03 05 06 01 04 03 04 02 02 03 02 03 05 02 01 02 03 05 02 00 05 03 02 01 03 02 04 03 03 02 02 01 00 03 02 03 02 03 03 00 01 05 01 07 03 02 05 02 03 06 05 03 05 03 04 05 03 01 05 02 02 02 01 04 03 01 00 00 00 00 00 00 00 00 00 00 
08 01 01 03 03 07 08 04 04 02 05 04 01 03 01 06 01 06 02 04 02 04 04 02 04 02 04 03 02 03 04 03 03 02 02 03 01 03 08 03 02 02 05 02 03 04 00 01 04 01 08 02 03 03 04 03 01 05 03 03 02 03 03 00 03 02 03 01 04 02 02 03 02 06 04 08 04 01 03 06 04 04 03 01 02 05 03 02 00 02 00 00 00 00 00 00 00 00 00 00 
09 06 07 05 09 04 02 06 09 03 02 02 30 14 02 05 01 03 04 03 03 02 01 04 02 02 03 01 02 01 07 03 01 05 00 03 05 07 05 00 03 02 02 01 05 02 02 01 03 04 01 06 00 02 05 04 02 03 04 03 03 02 01 03 04 06 00 03 03 03 01 05 02 05 01 05 00 02 01 00 00 03 03 01 05 01 05 03 05 00 00 00 00 00 00 00 00 00 00 00 
08 00 08 02 06 02 03 02 04 04 11 05 01 04 06 02 05 01 01 01 04 00 04 04 03 01 04 03 03 00 01 04 04 07 02 04 02 04 03 02 03 02 02 02 02 02 05 04 01 04 03 01 04 02 04 06 03 04 03 06 04 03 03 01 02 02 01 00 05 00 05 10 01 07 01 03 05 03 00 05 01 05 02 01 02 01 01 04 03 03 00 00 00 00 00 00 00 00 00 00 
09 10 08 09 02 08 03 05 05 04 04 04 06 02 01 03 03 03 02 05 02 06 01 04 05 05 02 07 03 03 01 04 02 05 07 03 02 04 02 03 04 01 02 01 01 04 02 06 02 02 02 01 04 03 01 04 04 01 04 04 03 04 00 02 06 01 00 03 04 04 02 03 05 05 00 04 04 05 02 05 05 01 01 08 01 01 01 05 06 06 00 00 00 00 00 00 00 00 00 00 
07 03 03 09 05 04 03 02 01 02 04 09 06 06 00 05 00 02 03 02 01 00 04 02 02 01 01 03 03 02 01 03 04 00 02 02 01 04 03 02 04 01 07 03 05 06 06 07 03 01 02 04 00 02 02 01 00 07 03 06 04 01 03 03 02 01 02 02 00 04 03 03 01 02 02 03 09 03 01 02 01 03 02 03 03 02 04 01 04 03 00 00 00 00 00 00 00 00 00 00 
08 10 03 05 04 03 03 07 03 02 02 07 05 04 05 02 04 04 03 02 06 03 03 01 00 03 00 02 02 02 03 06 03 01 01 01 06 04 01 05 04 01 02 02 03 01 02 01 03 05 06 02 00 04 06 05 04 00 02 07 05 03 01 01 01 05 04 02 01 04 01 02 03 03 03 01 03 02 04 04 01 01 03 04 02 05 02 01 01 01 00 00 00 00 00 00 00 00 00 00 
07 08 11 03 13 03 05 03 02 04 04 03 04 02 02 01 03 00 04 01 04 02 04 02 03 05 02 04 01 03 02 03 03 04 02 05 03 03 03 05 03 03 03 00 00 01 03 03 05 07 06 02 02 05 01 01 05 03 03 01 03 02 06 02 06 05 01 04 01 08 03 03 03 05 04 04 04 04 02 03 05 00 05 04 01 02 01 04 03 04 00 00 00 00 00 00 00 00 00 00 
11 08 09 13 05 11 12 09 05 02 05 05 06 03 01 01 02 03 04 04 01 02 04 03 04 03 05 02 01 03 02 02 03 01 05 03 04 02 03 02 05 03 03 04 03 04 04 01 01 02 03 04 03 04 06 04 03 03 04 03 05 00 01 02 06 06 06 01 02 10 03 07 02 03 03 02 02 01 04 03 04 07 04 02 07 08 04 04 06 10 00 00 00 00 00 00 00 00 00 00 
09 13 04 04 04 07 08 03 03 02 06 06 05 00 03 02 04 04 07 03 04 04 01 03 04 04 00 04 00 03 03 01 04 02 01 03 03 02 02 03 03 05 01 03 01 04 01 03 04 04 05 03 03 02 01 03 01 03 00 01 02 01 01 05 00 02 02 00 04 04 05 06 02 04 03 04 02 04 00 04 02 03 02 04 03 02 02 01 01 01 00 00 00 00 00 00 00 00 00 00 
08 07 06 04 08 08 05 05 07 04 08 03 06 03 06 02 01 01 00 04 00 02 03 02 04 01 05 01 08 02 03 02 01 06 00 01 02 02 08 01 01 06 02 04 03 02 02 01 05 01 03 03 04 01 04 04 05 02 01 03 03 02 03 04 03 03 03 09 02 06 03 03 01 02 01 04 02 03 04 04 06 02 06 03 02 00 04 05 00 02 00 00 00 00 00 00 00 00 00 00 
10 11 04 03 11 05 09 03 03 02 05 02 01 03 01 01 03 01 00 04 00 05 01 03 03 04 02 03 01 04 03 06 02 04 03 02 05 02 03 02 01 02 00 03 05 01 04 03 03 00 02 02 02 00 01 00 04 05 02 02 04 01 00 02 02 01 04 06 02 05 04 02 01 03 02 02 02 03 03 01 02 02 03 02 01 04 06 00 01 03 00 00 00 00 00 00 00 00 00 00 
06 04 09 03 08 11 03 04 00 03 08 02 03 02 00 07 03 03 04 06 03 02 02 05 04 00 02 05 01 01 01 04 02 06 02 06 02 07 03 00 03 03 02 01 02 02 01 04 06 04 05 03 03 01 04 02 08 02 04 02 01 01 04 02 03 02 02 01 03 01 04 01 06 01 05 02 01 05 01 04 01 08 07 03 02 03 03 04 02 01 00 00 00 00 00 00 00 00 00 00 
07 08 03 02 03 02 04 02 04 01 03 01 05 02 04 01 08 04 05 01 01 05 03 03 03 01 04 02 03 01 03 03 01 03 03 04 03 03 04 01 02 04 07 03 02 01 03 05 01 06 02 02 03 04 02 06 05 03 02 04 03 03 03 01 05 02 01 03 04 04 02 06 01 06 05 02 09 02 03 00 03 09 02 01 03 02 04 01 04 02 00 00 00 00 00 00 00 00 00 00 
09 05 03 06 16 09 11 05 09 01 03 03 04 06 05 04 02 04 05 01 00 03 01 02 01 03 04 02 03 01 03 02 04 02 00 03 02 02 00 06 04 02 03 02 02 06 04 03 04 03 04 04 04 02 04 01 05 03 01 04 05 03 01 01 03 00 03 01 02 00 03 02 02 04 02 02 02 04 03 02 02 04 03 04 03 02 04 04 03 03 00 00 00 00 00 00 00 00 00 00 
08 11 07 07 08 02 06 01 05 04 03 04 05 05 06 03 02 02 03 00 06 04 00 01 02 01 02 03 01 06 02 05 02 00 04 03 03 01 04 04 01 06 02 03 04 03 02 09 01 03 01 04 02 02 03 09 01 00 03 02 04 06 02 01 01 02 04 05 02 03 00 03 02 04 05 06 04 03 04 03 07 01 03 02 02 03 02 02 02 02 00 00 00 00 00 00 00 00 00 00 
15 10 04 06 06 05 06 05 06 05 04 02 04 04 04 06 03 01 02 02 04 03 05 04 04 01 03 08 04 06 04 05 01 03 08 01 05 03 03 02 01 05 02 00 02 02 03 04 05 05 02 04 02 06 02 03 03 02 04 03 03 03 01 04 05 04 01 04 04 07 04 02 03 04 06 03 02 04 02 02 06 01 03 04 03 02 02 06 05 08 00 00 00 00 00 00 00 00 00 00 
08 04 06 03 03 03 05 06 02 04 05 02 06 02 01 02 02 02 04 00 02 03 00 01 01 07 00 00 01 02 02 01 02 03 03 03 01 02 02 02 03 03 01 06 03 06 03 05 01 06 03 01 00 01 02 01 03 00 04 01 03 04 02 02 03 05 01 00 03 00 01 02 03 02 02 06 01 06 02 01 05 02 05 05 02 02 00 04 05 02 00 00 00 00 00 00 00 00 00 00 
12 10 06 07 02 01 05 05 02 05 03 02 05 07 01 05 05 02 03 01 06 04 03 02 04 05 03 00 03 03 01 03 05 03 02 01 04 03 03 02 03 04 05 03 05 01 01 04 04 05 07 06 04 02 03 07 00 04 01 05 00 03 05 06 09 03 02 05 03 05 03 01 01 05 02 02 03 01 03 05 05 02 04 00 01 04 02 01 02 01 00 00 00 00 00 00 00 00 00 00 
10 08 03 14 01 12 01 03 05 03 05 02 06 00 02 07 01 05 00 05 03 07 04 01 04 01 04 02 05 03 03 06 02 03 04 07 00 03 03 03 06 03 03 02 04 04 02 02 04 03 03 05 00 02 05 01 02 03 02 04 04 01 06 03 00 03 02 03 01 04 02 03 05 02 02 04 03 01 03 03 02 03 05 03 03 05 06 02 04 02 00 00 00 00 00 00 00 00 00 00 
06 03 05 16 15 10 01 02 03 03 02 03 02 05 03 00 03 05 00 04 04 04 03 01 01 00 02 01 04 01 04 06 02 03 04 01 01 01 02 00 06 04 01 01 03 01 04 04 02 01 01 03 04 03 02 05 04 00 07 03 06 01 01 03 03 05 01 02 05 01 02 06 03 00 03 03 03 05 00 02 01 04 01 04 04 00 02 01 04 06 00 00 00 00 00 00 00 00 00 00 
07 06 07 04 04 04 05 09 04 02 04 06 07 07 08 05 04 02 02 05 03 00 01 02 02 04 06 02 05 00 04 07 03 04 05 03 03 02 04 01 05 02 03 05 03 04 02 01 00 01 04 03 02 05 01 04 04 02 00 05 02 04 01 03 02 04 03 02 02 00 03 01 05 04 04 06 06 05 03 03 02 03 05 03 02 01 02 01 08 03 00 00 00 00 00 00 00 00 00 00 
07 08 01 09 04 01 03 05 03 04 02 02 07 01 00 03 04 05 03 02 06 01 01 01 02 01 02 02 05 03 03 06 01 00 03 01 03 05 04 02 02 05 02 04 01 05 03 01 05 03 04 02 04 01 02 05 02 04 03 02 05 03 02 04 03 07 03 00 02 02 01 02 05 01 04 00 01 03 02 01 05 04 04 02 02 02 04 03 02 02 00 00 00 00 00 00 00 00 00 00 
06 05 06 02 01 01 02 06 02 03 11 06 03 02 05 03 05 01 01 03 00 00 01 03 05 01 00 01 05 01 01 01 02 03 03 00 01 03 02 04 00 02 01 00 06 01 04 01 02 07 03 03 01 01 03 06 01 02 01 05 02 03 05 05 02 03 05 01 06 03 04 05 03 03 01 01 09 01 05 01 03 04 03 08 04 02 04 02 03 04 00 00 00 00 00 00 00 00 00 00 
13 17 08 04 01 08 04 07 03 07 01 02 09 03 05 07 05 03 04 03 02 06 03 04 09 02 01 08 03 02 04 02 02 03 06 03 07 03 01 01 02 01 06 07 05 04 04 04 06 05 03 00 02 03 01 03 02 03 03 02 02 07 03 06 07 02 06 05 01 04 06 01 02 01 05 00 03 03 02 03 03 04 00 06 04 01 04 04 00 04 00 00 00 00 00 00 00 00 00 00 
09 03 02 02 04 04 02 02 07 02 02 02 01 06 02 01 01 02 03 02 05 04 01 08 02 02 02 03 04 00 06 01 02 03 04 04 03 02 06 01 01 02 02 03 04 05 07 03 04 05 02 03 03 04 02 04 03 01 05 03 05 03 06 02 03 08 03 05 00 03 04 04 02 03 03 03 03 04 02 01 04 03 01 01 01 07 05 02 04 01 00 00 00 00 00 00 00 00 00 00 
12 13 07 05 01 03 03 02 01 10 01 02 08 05 06 00 02 05 02 02 03 05 00 05 02 03 03 04 03 01 04 07 02 02 02 04 06 05 02 03 04 03 01 00 03 02 06 05 01 01 07 04 07 02 02 02 05 02 02 03 04 05 02 04 01 07 04 05 03 02 06 03 02 03 03 01 00 03 06 03 07 01 03 04 02 03 05 02 01 00 00 00 00 00 00 00 00 00 00 00 
08 07 08 08 06 09 03 02 03 04 03 02 04 03 02 03 07 01 04 02 03 03 03 00 01 03 04 01 04 02 06 02 01 02 03 01 02 07 01 03 05 00 01 02 03 02 01 09 05 01 01 03 02 05 04 04 05 06 03 02 05 00 06 04 02 00 02 03 06 05 01 02 03 02 02 05 05 03 04 04 04 02 05 04 04 02 03 01 03 02 00 00 00 00 00 00 00 00 00 00 
12 09 05 10 11 11 06 06 03 10 25 04 11 20 09 08 17 03 02 03 02 02 07 09 04 02 05 02 02 02 01 02 01 01 04 04 03 04 07 00 04 02 04 02 01 04 02 03 02 04 06 04 01 00 01 02 02 05 02 05 03 02 00 03 02 00 03 03 02 03 03 00 03 02 00 01 02 01 01 03 04 06 03 03 01 02 05 04 02 03 00 00 00 00 00 00 00 00 00 00 
11 10 07 02 00 02 03 03 02 02 02 01 04 04 01 01 00 03 02 07 03 00 03 04 03 00 03 02 03 04 02 03 02 01 03 01 05 02 02 01 02 04 01 04 06 03 05 11 03 02 05 03 03 03 00 04 07 05 03 10 31 21 04 03 02 01 04 08 10 07 15 00 04 01 01 04 01 06 01 01 02 03 00 05 02 01 01 03 01 02 00 00 00 00 00 00 00 00 00 00 
09 09 05 07 18 03 04 02 08 18 04 03 02 03 04 03 02 06 02 02 06 04 05 01 03 00 03 03 05 01 01 03 05 07 01 04 02 02 02 08 01 03 03 04 04 03 04 05 00 05 05 05 00 01 03 04 02 05 05 01 04 03 05 03 00 04 03 01 01 04 03 02 01 02 04 03 05 04 04 04 03 04 04 02 01 04 02 03 02 02 00 00 00 00 00 00 00 00 00 00 
09 08 04 03 02 13 13 09 03 01 02 02 02 01 01 00 04 03 04 03 01 03 01 03 02 01 02 03 04 03 04 02 02 04 07 04 04 03 04 05 03 03 02 01 03 01 01 04 02 01 01 03 08 02 05 01 01 06 01 05 04 03 01 03 02 04 01 00 03 03 03 03 07 03 02 02 04 02 03 01 01 04 00 03 00 02 03 04 04 04 00 00 00 00 00 00 00 00 00 00 
08 13 06 06 11 02 04 04 05 01 05 07 07 16 16 02 05 03 04 06 03 05 04 05 02 03 02 03 01 03 03 02 05 04 02 07 02 02 00 04 06 04 03 00 04 01 05 04 00 03 02 04 04 02 03 01 03 00 03 01 03 01 04 01 02 01 00 01 03 03 01 04 04 03 02 03 03 05 03 02 02 02 02 03 01 04 00 04 07 04 00 00 00 00 00 00 00 00 00 00 
02 06 06 02 04 08 10 11 13 03 04 07 17 07 10 05 08 02 03 03 02 02 08 10 04 04 05 03 03 08 02 05 05 02 04 02 02 03 03 03 03 01 03 04 01 00 02 03 02 00 06 02 02 00 02 03 05 03 09 03 02 02 06 02 03 06 04 01 04 00 01 03 01 02 02 05 02 01 00 02 02 07 01 02 01 02 01 00 02 04 00 00 00 00 00 00 00 00 00 00 
13 08 02 01 06 02 08 06 04 05 12 04 10 05 05 05 05 02 07 09 03 05 03 02 04 02 07 04 05 04 03 02 01 06 03 03 02 03 02 03 03 01 03 04 03 00 02 05 00 01 02 02 06 04 04 06 02 06 01 02 04 02 03 02 07 05 06 00 01 02 03 00 08 01 03 03 01 01 01 01 04 04 03 03 03 01 02 03 01 03 00 00 00 00 00 00 00 00 00 00 
10 07 03 05 01 03 03 03 01 04 04 02 07 01 01 00 00 01 03 02 00 01 01 04 03 04 02 06 02 04 06 05 02 01 06 02 01 04 03 04 02 05 06 06 01 00 05 03 03 02 06 04 00 01 03 01 02 03 05 07 04 05 02 03 02 00 01 01 02 04 04 01 04 02 03 03 04 01 00 02 03 04 07 04 03 02 02 07 02 03 00 00 00 00 00 00 00 00 00 00 
11 13 09 15 06 09 07 06 06 10 12 02 07 03 04 05 06 02 03 03 01 03 01 01 01 01 00 01 03 03 00 03 04 04 04 02 06 05 01 00 05 02 03 03 04 04 03 00 01 02 01 02 07 00 05 03 04 01 05 03 04 03 06 06 00 04 04 03 04 04 02 03 00 05 02 02 02 06 01 03 03 01 04 06 04 01 01 03 04 05 00 00 00 00 00 00 00 00 00 00 
06 07 11 04 08 17 04 03 14 19 51 19 09 03 05 03 03 04 04 03 06 01 06 03 04 03 02 04 03 04 03 02 03 04 04 02 00 01 07 02 01 04 02 02 02 03 04 02 04 01 01 00 01 02 01 04 02 04 03 03 02 03 05 01 00 05 04 03 04 03 05 03 06 03 01 05 02 03 05 02 03 00 02 01 02 03 03 02 03 06 00 00 00 00 00 00 00 00 00 00 
11 08 09 05 00 02 02 02 05 04 02 07 02 03 01 08 01 04 07 05 01 05 00 00 01 03 04 01 05 04 02 05 03 01 01 03 07 00 00 02 02 01 04 02 01 02 02 03 01 03 02 05 03 02 02 03 02 01 03 03 02 02 01 06 02 03 01 05 04 03 03 03 03 02 03 05 04 03 01 04 02 02 00 02 08 00 04 06 01 03 00 00 00 00 00 00 00 00 00 00 
09 05 06 05 02 01 01 02 04 05 03 02 04 04 02 05 02 04 03 01 05 03 04 00 00 03 02 06 08 02 02 02 02 04 03 06 02 01 04 01 04 04 03 06 04 01 03 04 03 05 03 03 03 07 04 01 06 02 03 02 04 07 02 02 04 05 01 02 04 03 04 03 04 01 05 01 01 04 06 05 03 03 04 06 02 03 03 04 06 06 01 00 00 00 00 00 00 00 00 00 
06 10 17 09 05 02 02 06 13 06 16 11 04 03 00 02 04 02 05 04 00 00 02 03 01 04 01 01 03 01 01 05 02 02 03 01 03 03 01 01 02 01 04 02 04 04 04 04 02 05 03 04 05 02 04 02 00 01 02 04 04 03 01 01 05 03 01 03 04 00 02 02 05 05 03 02 02 02 01 03 06 05 01 03 05 03 02 06 05 00 00 00 00 00 00 00 00 00 00 00 
10 06 07 03 01 02 03 04 04 05 01 03 03 08 05 00 01 03 02 01 03 03 07 03 05 04 02 01 05 02 00 03 03 04 03 04 01 04 04 02 02 03 02 03 03 03 02 03 07 01 02 02 03 02 02 01 03 01 05 01 01 01 03 03 04 08 00 01 03 01 07 03 00 04 06 04 03 05 02 04 03 01 05 05 03 00 03 02 02 08 00 00 00 00 00 00 00 00 00 00 
12 07 00 00 04 04 03 04 03 04 04 02 03 03 05 01 03 05 04 02 02 02 01 02 02 05 00 09 01 00 04 06 03 02 05 04 07 01 04 05 04 03 02 03 01 06 02 05 05 02 02 02 04 01 03 00 00 02 03 05 03 03 03 01 02 03 01 03 03 03 03 05 06 01 01 03 04 01 03 04 03 04 06 03 05 02 05 01 05 02 00 00 00 00 00 00 00 00 00 00 
06 05 02 01 02 01 06 06 06 04 05 03 05 01 02 04 02 00 00 03 01 04 02 05 01 03 04 06 03 01 03 03 04 02 04 05 01 02 05 04 00 08 03 01 02 04 02 01 04 00 07 03 02 03 03 03 03 01 05 04 01 03 05 02 03 05 03 00 05 01 02 02 03 05 01 02 01 01 03 02 04 01 03 04 06 02 03 01 01 04 00 00 00 00 00 00 00 00 00 00 
09 05 06 06 14 09 02 07 08 09 18 06 03 00 03 04 02 03 02 06 00 04 04 02 02 00 02 03 03 02 02 03 02 05 01 04 01 02 02 03 01 02 02 01 03 03 03 05 04 02 03 02 02 02 03 01 05 03 05 03 04 02 00 03 01 02 08 03 03 04 03 01 04 06 01 04 02 01 05 03 03 01 01 09 03 04 05 04 03 06 00 00 00 00 00 00 00 00 00 00 
08 13 03 08 06 07 09 04 05 06 11 09 02 17 10 06 07 11 10 11 09 06 04 04 05 05 02 01 04 03 04 03 05 02 03 05 02 00 03 04 05 02 01 01 02 07 03 05 05 03 02 02 03 02 04 02 00 04 02 05 03 01 02 02 02 03 05 01 02 04 02 02 01 01 06 01 07 04 04 02 08 03 03 01 02 02 01 05 03 02 00 00 00 00 00 00 00 00 00 00 
07 08 03 06 05 03 03 02 02 01 02 03 03 01 03 04 04 02 02 01 06 04 03 01 07 03 03 01 02 04 04 01 03 01 02 05 02 03 03 04 04 00 01 01 01 05 06 03 01 06 01 04 03 06 00 02 03 03 04 03 06 03 06 03 06 01 01 02 00 05 01 02 03 03 02 03 03 02 02 04 03 04 03 03 04 02 01 02 01 03 00 00 00 00 00 00 00 00 00 00 
08 03 02 01 02 02 04 07 03 02 03 01 11 02 03 04 03 01 03 08 05 03 06 02 02 02 03 02 02 03 01 03 03 01 04 02 01 05 05 01 04 03 04 03 02 02 04 07 01 05 02 02 00 02 01 02 00 02 02 03 02 01 03 04 03 06 03 03 05 02 05 04 00 06 03 04 02 03 04 03 06 00 03 02 12 07 08 02 03 05 00 00 00 00 00 00 00 00 00 00 
08 07 06 02 02 03 09 07 04 03 03 01 04 05 02 02 05 01 02 03 05 04 01 03 03 04 03 01 02 02 00 01 04 03 04 03 01 02 03 01 01 04 00 02 02 04 02 01 02 07 00 02 04 00 01 02 05 02 04 04 04 03 05 05 05 03 00 03 01 03 03 08 02 02 03 01 04 04 04 09 03 03 01 00 04 03 07 02 03 03 00 00 00 00 00 00 00 00 00 00 
09 07 07 14 16 15 05 01 01 11 10 12 24 12 35 07 04 01 07 02 02 04 01 05 02 04 00 02 00 02 03 02 05 02 02 04 01 08 00 05 03 04 00 02 01 02 03 05 03 04 02 01 05 03 01 00 03 02 01 03 05 04 01 01 03 02 01 03 05 04 03 07 03 01 03 04 02 02 04 04 04 05 09 05 02 02 03 00 04 02 00 00 00 00 00 00 00 00 00 00 
08 08 01 02 05 03 03 03 02 01 03 03 01 03 02 01 03 04 06 02 04 03 06 01 02 05 04 02 01 02 07 03 02 03 05 07 04 04 03 01 02 01 01 01 00 02 02 02 03 02 03 04 05 02 03 01 02 02 00 04 03 05 01 02 01 02 02 01 03 01 03 02 04 02 04 05 03 04 00 03 05 02 05 01 03 01 05 02 04 03 00 00 00 00 00 00 00 00 00 00 
10 14 01 07 09 00 06 12 16 17 05 02 00 06 05 04 00 03 03 03 00 02 04 05 06 04 05 01 02 06 01 06 01 05 01 03 02 02 02 02 04 05 03 04 02 05 04 00 04 04 04 06 06 04 03 02 03 01 05 03 02 00 01 04 02 02 04 01 02 02 01 01 01 05 02 01 02 05 01 04 06 07 02 02 03 01 05 00 02 02 00 00 00 00 00 00 00 00 00 00 
08 08 04 09 14 16 08 04 04 04 07 09 09 13 08 17 04 09 11 00 08 01 05 06 04 04 03 03 04 00 06 05 02 05 02 04 04 02 01 02 00 03 02 03 02 05 04 02 02 03 02 03 03 04 05 03 04 01 04 01 04 02 03 02 04 01 05 03 02 01 01 04 04 01 03 01 03 02 03 03 05 04 02 00 04 03 05 03 03 07 00 00 00 00 00 00 00 00 00 00 
11 10 12 01 06 01 04 06 04 02 03 05 03 05 02 00 07 02 01 06 04 01 02 02 03 02 05 03 03 01 05 03 01 00 05 03 01 03 01 03 01 01 02 03 02 02 02 02 00 02 03 00 07 02 03 01 01 02 04 04 02 02 03 02 05 05 05 02 02 03 02 02 03 02 00 04 05 01 01 02 01 03 01 04 06 03 05 04 04 01 00 00 00 00 00 00 00 00 00 00 
08 06 04 02 02 01 00 08 08 02 02 06 03 02 06 06 06 03 02 03 03 02 04 04 01 01 03 00 06 02 04 03 01 03 01 02 01 02 03 01 01 00 03 03 02 02 01 02 03 03 06 02 03 05 04 02 00 01 02 04 04 00 07 04 04 04 04 02 01 04 05 02 04 06 03 01 00 02 05 04 05 03 03 04 03 01 01 03 01 03 00 00 00 00 00 00 00 00 00 00 
08 03 00 01 05 07 11 08 09 10 18 10 05 02 00 07 01 02 05 03 04 02 02 01 02 01 05 01 01 05 02 05 01 04 05 05 04 01 04 03 01 01 04 02 03 02 00 06 05 00 03 08 01 04 03 02 06 02 03 07 02 02 03 01 01 02 01 02 03 03 01 04 02 01 01 03 00 01 01 03 02 04 02 00 08 03 04 02 02 01 00 00 00 00 00 00 00 00 00 00 
04 04 02 06 14 10 09 07 02 07 04 05 05 05 04 00 01 04 05 05 02 02 03 06 06 02 04 02 02 02 07 06 03 01 01 03 01 06 04 05 04 03 01 05 01 01 02 03 01 05 06 04 00 01 04 01 02 04 05 03 04 03 03 02 00 03 04 03 05 03 03 00 02 00 04 00 04 06 02 02 06 01 01 04 02 02 03 04 02 02 00 00 00 00 00 00 00 00 00 00 
07 06 01 04 10 05 04 02 01 03 02 02 01 03 02 01 03 05 01 00 06 00 01 04 05 00 03 03 01 04 03 03 05 02 02 01 02 00 03 02 03 03 00 04 02 01 03 03 04 03 01 03 01 01 08 02 03 03 02 04 03 01 05 02 01 05 03 03 02 00 02 02 03 04 07 03 02 03 02 03 06 00 02 02 04 00 05 07 05 04 01 00 00 00 00 00 00 00 00 00 
06 04 17 13 04 01 07 10 03 05 05 03 02 04 02 07 02 02 01 02 03 02 01 01 04 03 04 01 02 06 05 04 03 02 02 01 04 02 03 01 03 03 02 03 03 05 04 03 07 01 00 01 04 03 03 07 04 02 06 04 02 04 03 02 04 03 02 04 04 03 03 02 01 01 02 02 02 05 03 02 04 03 05 01 03 03 03 05 04 02 00 00 00 00 00 00 00 00 00 00 
08 09 07 03 03 05 03 06 03 03 02 07 04 02 04 06 02 01 07 01 02 07 06 05 03 03 12 02 00 03 00 06 02 07 01 14 04 04 05 02 01 03 01 03 02 02 02 05 02 05 07 00 04 02 01 03 10 03 01 02 03 04 04 05 02 05 06 03 02 00 06 00 02 06 01 02 00 02 01 02 02 05 04 03 04 04 06 04 03 02 00 00 00 00 00 00 00 00 00 00 
09 08 11 07 08 07 10 02 03 06 03 03 07 02 03 05 01 01 03 04 02 07 02 03 04 04 03 01 04 02 02 02 03 01 01 03 02 03 05 02 07 02 02 03 01 01 02 05 00 01 02 01 03 03 02 03 00 00 04 02 04 02 02 04 03 01 02 03 01 02 02 03 01 00 03 01 02 06 05 04 05 02 02 04 03 00 02 04 02 04 00 00 00 00 00 00 00 00 00 00 
11 13 09 08 02 01 08 03 03 03 03 03 06 01 03 02 05 02 05 03 06 04 06 03 03 04 03 03 04 05 03 03 02 04 03 06 00 04 05 01 02 03 01 03 04 01 02 04 03 00 03 01 04 05 02 04 03 01 03 03 04 05 02 05 04 03 02 01 02 04 04 04 06 06 01 01 04 01 02 02 05 00 02 07 05 00 03 01 01 02 00 00 00 00 00 00 00 00 00 00 
07 03 00 02 04 06 03 02 04 04 04 04 06 01 02 03 02 02 00 03 03 00 01 02 01 05 02 03 03 03 03 01 02 06 02 03 04 03 01 04 04 05 03 01 06 03 06 03 03 05 08 03 06 03 03 03 00 03 03 01 03 02 00 03 02 01 01 02 02 01 04 04 01 04 05 01 02 04 02 03 02 02 02 05 07 01 02 04 02 02 00 00 00 00 00 00 00 00 00 00 
11 08 13 03 03 06 13 08 09 14 07 03 02 04 03 10 07 08 04 01 07 04 03 05 06 04 03 01 03 04 01 05 03 03 03 02 05 04 05 02 03 02 03 04 05 04 02 03 05 04 04 05 03 01 02 04 04 04 03 00 05 04 05 07 01 00 02 05 06 03 04 03 02 02 03 04 01 02 02 03 03 05 05 03 02 04 02 04 02 03 00 00 00 00 00 00 00 00 00 00 
13 00 04 04 05 01 02 07 01 04 02 00 02 01 01 01 02 04 03 06 04 00 02 01 02 03 00 02 02 03 03 03 03 03 05 02 01 00 06 04 03 02 05 04 04 02 03 00 00 05 02 04 06 05 01 02 01 04 02 02 03 02 06 03 01 04 03 04 02 04 02 03 05 03 01 05 01 05 01 04 03 00 03 04 02 06 02 08 02 03 00 00 00 00 00 00 00 00 00 00 
08 10 14 06 03 02 05 03 02 03 02 02 04 03 00 03 02 05 03 01 04 03 05 01 04 01 00 02 01 03 05 03 04 02 04 06 00 06 02 07 06 02 03 02 03 04 02 05 03 01 02 03 02 05 03 04 02 01 04 03 02 03 01 03 05 01 05 01 01 02 05 03 03 02 03 03 07 02 03 02 02 01 01 01 04 02 02 04 05 05 00 00 00 00 00 00 00 00 00 00 
09 08 06 08 02 01 07 08 05 05 07 10 04 07 05 02 00 07 05 03 02 04 02 01 06 00 01 08 01 02 02 05 03 02 05 03 02 03 04 02 03 05 04 05 06 04 03 09 03 01 05 01 01 02 00 04 06 04 02 00 02 00 05 07 03 04 01 01 01 00 04 02 02 03 05 03 03 01 01 01 03 03 04 05 04 03 01 01 05 03 00 00 00 00 00 00 00 00 00 00 
09 08 04 07 01 02 02 02 04 06 04 09 08 04 00 12 14 01 03 05 04 06 08 05 04 03 04 04 02 02 04 04 06 01 00 02 05 01 02 03 02 03 02 05 06 02 00 01 04 01 01 07 01 02 00 02 03 06 01 01 03 03 01 02 03 00 03 04 01 01 05 02 04 04 05 04 02 03 00 06 01 01 00 02 05 05 01 05 04 07 00 00 00 00 00 00 00 00 00 00 
10 10 08 08 13 08 01 03 02 03 05 05 08 06 06 09 11 02 11 03 02 03 04 00 02 03 02 03 00 02 01 03 01 03 04 01 02 04 04 01 02 02 01 03 00 02 01 05 03 01 04 03 02 06 02 05 02 01 02 01 03 05 04 02 04 03 02 05 04 03 03 03 02 02 03 04 03 05 05 08 01 03 04 08 05 08 02 04 08 02 01 00 00 00 00 00 00 00 00 00 
02 09 09 05 07 06 08 04 03 01 03 02 02 04 02 05 03 07 02 05 03 02 01 05 00 03 02 01 03 03 03 02 01 04 04 01 02 04 03 04 03 02 01 08 06 02 05 03 03 03 04 01 03 04 02 02 04 03 02 01 05 05 04 01 05 03 02 05 02 06 01 03 02 02 05 01 03 03 07 05 00 03 02 05 02 06 06 02 01 07 00 00 00 00 00 00 00 00 00 00 
12 07 00 13 07 02 03 04 02 01 02 07 18 07 02 04 03 04 02 02 01 03 04 00 01 01 04 05 03 02 03 03 03 01 02 01 02 01 05 04 03 00 02 05 06 05 04 03 03 01 04 03 03 03 02 06 04 05 05 01 03 02 04 03 03 03 04 04 01 02 00 02 03 02 02 03 02 06 06 02 02 01 05 05 01 03 03 03 02 00 00 00 00 00 00 00 00 00 00 00 
07 09 14 14 01 02 04 02 02 06 05 03 05 01 03 03 01 06 03 05 01 01 02 02 01 02 04 06 01 06 05 01 01 02 02 02 04 02 01 04 01 02 03 02 02 06 00 01 05 02 04 05 02 01 02 03 03 05 00 03 01 03 04 05 04 06 03 02 02 04 03 05 07 03 09 04 00 01 08 04 05 04 00 04 07 02 01 01 02 05 00 00 00 00 00 00 00 00 00 00 
12 11 08 07 03 04 05 06 10 09 03 02 04 03 04 08 04 11 05 02 05 01 03 04 04 06 01 04 04 03 03 01 02 02 01 00 01 02 03 03 06 04 03 02 03 02 02 05 01 05 06 09 02 04 04 04 03 06 04 06 04 02 03 02 00 02 03 02 03 02 04 04 02 00 05 02 03 03 03 05 03 03 04 03 01 03 02 02 02 01 00 00 00 00 00 00 00 00 00 00 
03 09 00 09 05 07 07 03 07 05 01 03 02 05 03 05 02 03 04 02 01 02 05 02 05 06 02 05 00 02 01 00 02 02 02 04 01 06 03 02 04 02 00 03 03 01 02 02 03 02 02 03 04 02 01 04 03 04 05 04 02 06 04 04 04 02 03 03 02 02 02 03 03 04 01 01 04 03 05 04 01 01 06 03 03 03 01 02 03 04 00 00 00 00 00 00 00 00 00 00 
10 08 05 02 02 02 02 04 07 02 01 03 02 04 05 02 03 03 02 01 01 03 03 02 02 04 04 09 02 04 04 04 05 02 02 03 05 03 01 04 01 02 06 05 01 04 01 02 01 05 10 01 02 02 01 03 02 03 03 05 02 03 03 03 05 04 04 05 02 01 03 08 02 04 04 02 03 04 06 02 05 02 04 05 01 01 04 02 00 05 00 00 00 00 00 00 00 00 00 00 
10 06 02 04 06 01 05 06 04 03 03 04 01 03 01 01 02 02 00 02 04 02 00 02 05 01 04 03 04 01 01 02 01 02 03 04 05 04 06 03 03 01 04 03 04 01 01 01 02 04 02 04 01 04 02 04 00 00 01 02 06 05 07 07 01 03 05 01 05 03 01 06 02 02 03 02 00 01 02 05 03 04 06 03 01 01 01 01 01 01 00 00 00 00 00 00 00 00 00 00 
11 10 05 06 12 06 04 04 03 02 07 03 05 07 00 03 02 03 06 03 05 02 03 03 03 04 03 00 00 01 08 02 02 02 04 01 03 01 01 05 02 02 05 04 00 04 02 05 04 03 04 04 03 02 05 05 04 03 01 03 02 02 05 01 02 02 00 01 03 03 01 02 03 05 02 01 02 02 07 01 01 02 02 04 01 02 04 01 02 02 00 00 00 00 00 00 00 00 00 00 
08 04 05 14 10 08 08 04 13 08 09 03 07 04 00 05 07 02 03 04 04 01 05 04 06 04 06 05 05 05 01 01 03 00 03 05 01 06 00 02 10 06 04 04 02 05 01 06 02 03 01 02 01 01 05 03 03 04 01 01 02 03 01 06 01 04 04 02 06 02 03 02 03 02 02 00 00 03 05 06 01 07 02 03 00 03 02 01 01 02 00 00 00 00 00 00 00 00 00 00 
05 01 00 05 01 02 11 10 05 08 05 04 08 01 03 04 02 03 01 03 07 04 01 01 03 03 02 02 01 03 06 01 02 04 01 07 01 04 03 02 04 03 02 03 02 05 02 02 03 07 07 00 04 04 01 02 02 02 01 02 04 02 01 05 05 02 01 01 04 04 02 03 00 02 03 02 10 03 04 03 03 01 05 02 02 05 01 03 02 02 00 00 00 00 00 00 00 00 00 00 
06 06 02 04 05 03 03 05 07 05 06 12 09 07 02 04 01 04 02 02 08 03 03 02 03 04 02 04 03 02 04 03 03 00 01 01 02 05 03 04 02 00 03 02 05 03 02 04 02 03 04 00 02 03 00 02 00 01 02 01 03 02 05 03 03 03 04 02 04 02 00 02 03 02 02 01 00 02 06 06 02 03 02 00 02 03 02 02 02 04 00 00 00 00 00 00 00 00 00 00 
11 10 02 03 05 06 04 08 04 05 02 01 04 03 02 02 02 02 03 01 01 03 06 02 02 04 02 06 03 00 04 04 02 02 03 03 02 05 02 02 03 03 04 07 04 03 02 00 04 04 06 00 02 01 02 02 07 01 00 02 05 02 00 03 01 02 03 06 02 01 05 02 01 02 04 01 00 02 04 06 03 00 01 01 04 00 03 02 05 06 00 00 00 00 00 00 00 00 00 00 
11 05 01 02 05 04 03 05 02 02 01 02 02 02 02 03 06 02 01 02 00 00 04 02 04 02 02 02 01 07 00 01 04 02 02 01 02 03 04 01 06 01 01 01 00 03 07 05 07 04 04 04 05 02 02 02 01 02 04 02 04 01 04 00 03 01 00 01 03 03 03 03 00 09 04 02 03 02 02 02 02 03 03 01 04 02 02 03 01 01 00 00 00 00 00 00 00 00 00 00 
11 05 10 05 05 02 07 04 06 05 04 01 07 02 06 17 04 03 02 02 01 02 06 02 02 02 02 04 03 03 05 02 00 03 04 05 03 03 05 02 03 00 05 09 00 04 01 00 03 01 01 01 01 04 02 03 02 02 02 02 02 01 02 05 02 03 06 01 02 01 05 00 01 08 02 00 01 06 00 03 03 05 03 00 04 03 03 03 04 01 00 00 00 00 00 00 00 00 00 00 
06 01 01 05 00 01 03 04 06 02 04 06 07 06 01 08 03 01 00 05 07 00 01 00 02 00 02 00 03 08 06 04 04 04 04 01 01 01 03 00 01 02 01 02 03 06 05 02 04 00 01 02 02 01 06 01 04 02 00 03 07 04 03 03 01 00 04 03 05 00 03 06 03 00 03 03 02 03 02 03 03 02 02 02 03 02 02 02 04 06 00 00 00 00 00 00 00 00 00 00 
09 07 08 15 06 00 07 04 08 00 01 02 02 11 03 02 03 02 04 02 04 02 03 01 06 04 02 06 07 03 02 01 03 03 00 04 01 03 02 04 03 04 01 02 04 04 04 05 02 06 01 02 02 03 05 05 00 01 04 02 05 02 04 05 07 04 00 04 01 03 05 02 03 06 02 00 02 01 05 03 08 02 00 06 04 02 02 00 01 02 00 00 00 00 00 00 00 00 00 00 
12 09 06 05 02 03 02 02 02 00 07 03 07 01 00 01 02 03 05 05 03 04 02 04 00 02 00 04 02 04 02 00 03 02 04 01 01 02 01 06 04 05 01 03 03 02 01 05 03 03 01 01 06 07 00 02 03 01 04 06 03 01 05 02 01 04 02 01 02 01 04 04 01 04 00 03 03 03 02 05 02 06 03 05 05 03 02 07 02 02 00 00 00 00 00 00 00 00 00 00 
08 12 05 03 10 05 03 01 03 04 14 03 01 04 02 02 06 05 04 04 04 07 01 01 04 02 03 06 01 00 05 09 01 06 06 03 02 01 02 03 02 04 04 05 02 04 04 05 03 03 04 03 01 01 01 02 03 04 02 02 04 02 03 02 02 03 01 00 03 02 03 04 07 03 04 02 07 04 01 00 01 03 03 02 03 02 02 05 01 02 00 00 00 00 00 00 00 00 00 00 
14 12 06 08 12 04 02 07 06 05 03 02 03 02 14 04 02 04 02 06 03 07 03 04 08 02 01 03 01 00 03 05 04 02 02 05 01 00 08 01 04 04 03 01 02 04 04 05 00 03 03 02 03 01 04 01 05 02 04 00 02 05 04 03 02 03 03 01 06 00 02 04 04 05 04 01 06 04 07 05 01 04 02 04 03 02 03 02 05 03 00 00 00 00 00 00 00 00 00 00 
14 14 13 13 08 09 02 02 16 05 04 03 02 04 04 02 00 03 04 05 05 05 01 02 04 04 02 04 04 02 04 05 04 05 03 01 02 03 04 02 00 03 04 01 04 02 04 01 03 01 05 03 05 04 04 03 02 05 04 03 02 03 02 02 03 02 02 01 04 01 03 04 03 05 02 01 00 02 02 04 01 04 02 04 06 04 00 01 01 07 00 00 00 00 00 00 00 00 00 00 
10 06 07 05 01 07 02 05 02 02 02 04 03 04 02 06 02 01 02 01 02 02 03 01 05 05 03 04 06 04 08 03 04 05 02 05 02 04 01 05 01 02 08 06 02 03 01 04 06 03 04 02 02 03 02 01 02 03 04 01 04 00 02 04 01 02 04 02 02 03 02 00 01 02 03 00 05 01 01 04 02 04 01 02 05 02 07 06 04 02 00 00 00 00 00 00 00 00 00 00 
07 10 07 02 17 10 07 13 03 12 03 27 02 06 07 07 06 05 07 06 01 03 05 03 03 05 01 03 01 04 03 02 03 00 02 03 00 04 01 03 04 02 05 04 03 03 03 05 02 02 04 08 02 05 04 01 04 06 02 01 02 03 01 02 01 01 05 02 02 03 05 06 04 00 04 04 04 03 00 03 01 01 02 00 03 00 01 00 03 01 00 00 00 00 00 00 00 00 00 00 
08 02 02 03 03 05 03 03 07 07 05 01 00 01 04 04 03 01 03 01 05 02 07 02 04 04 04 00 02 04 05 00 09 03 01 01 06 03 04 01 03 02 02 03 04 06 03 00 05 05 02 03 02 05 02 02 05 00 05 03 07 04 01 02 05 04 02 03 02 03 02 03 03 02 02 04 05 03 02 03 04 01 03 00 04 04 02 02 05 02 00 00 00 00 00 00 00 00 00 00 
09 04 04 05 07 03 04 04 05 04 07 05 05 01 03 06 06 01 00 03 02 06 03 01 02 02 02 00 04 04 03 03 00 00 01 09 03 02 01 03 03 04 05 03 03 05 00 06 04 03 04 02 02 06 03 00 06 00 04 02 01 04 02 05 02 01 01 01 06 02 03 05 05 03 02 00 01 05 02 00 02 06 04 01 03 02 02 02 04 08 00 00 00 00 00 00 00 00 00 00 
08 12 09 04 01 02 02 06 02 01 00 03 07 02 09 03 02 05 01 03 03 02 01 04 03 04 06 04 03 02 03 01 04 01 04 02 00 02 05 03 04 00 03 02 01 03 01 02 03 02 04 05 02 02 05 06 05 02 00 02 09 00 02 04 02 06 03 03 02 00 02 06 03 05 03 02 04 04 05 00 03 04 02 05 02 02 01 04 05 02 00 00 00 00 00 00 00 00 00 00 
14 06 04 02 07 06 08 05 02 06 03 07 03 06 04 03 02 04 03 06 03 04 02 02 04 04 04 04 07 01 01 03 02 03 02 00 00 05 02 04 04 04 03 01 04 00 02 05 06 03 02 02 04 02 04 04 01 01 00 04 03 01 05 05 03 02 02 06 07 02 05 01 05 02 00 05 02 04 03 04 05 02 01 03 05 01 03 04 02 00 00 00 00 00 00 00 00 00 00 00 
11 05 02 02 06 09 11 09 09 06 04 01 02 03 06 00 02 06 04 04 04 07 03 04 06 02 04 03 05 04 05 04 03 05 01 03 01 02 02 06 04 00 04 01 04 02 01 00 05 02 04 07 02 02 02 08 05 02 03 05 04 03 02 07 01 05 01 01 02 03 04 02 01 05 03 06 02 01 02 03 03 03 01 02 02 00 03 04 02 04 00 00 00 00 00 00 00 00 00 00 
08 04 03 05 05 01 02 02 04 06 08 06 06 03 01 05 06 05 02 02 06 02 03 04 05 02 05 03 04 02 04 01 02 03 03 01 07 06 01 03 02 03 00 03 00 02 04 01 01 06 02 03 04 01 03 04 01 02 01 00 05 00 02 02 01 01 04 02 04 01 02 00 03 05 01 01 05 02 04 05 06 03 02 03 07 03 05 01 04 02 00 00 00 00 00 00 00 00 00 00 
06 02 02 02 06 07 05 00 02 01 08 02 04 01 03 06 03 05 04 03 01 03 03 02 03 03 04 08 05 01 04 02 03 00 03 03 04 02 03 02 04 01 04 04 03 03 03 05 00 05 05 03 05 02 06 00 02 07 02 06 03 01 02 06 03 02 03 00 03 03 01 04 03 04 04 07 03 05 02 03 03 05 02 06 02 03 05 04 04 06 00 00 00 00 00 00 00 00 00 00 
07 05 07 06 11 01 01 00 01 03 01 03 01 03 02 01 02 05 01 03 02 02 06 03 04 01 03 04 04 02 03 06 05 04 04 05 02 03 05 03 05 02 05 02 05 01 01 03 02 03 02 01 07 02 04 03 00 03 03 03 05 01 01 02 04 03 01 06 02 06 02 01 04 07 02 03 01 00 03 05 04 01 01 04 02 01 06 03 02 02 00 00 00 00 00 00 00 00 00 00 
06 06 06 02 06 03 16 11 12 05 14 07 10 05 03 03 05 00 01 02 01 03 05 04 02 01 01 03 08 02 08 00 04 06 03 04 02 05 04 00 03 04 01 03 03 03 02 04 02 03 05 03 05 01 03 06 02 03 03 03 02 03 05 00 02 02 02 04 00 03 02 03 00 03 02 04 02 03 02 02 04 04 03 04 00 00 03 00 03 03 00 00 00 00 00 00 00 00 00 00 
